1671	1671	1.0
1859	1859	1.0
1859	1870	1.0
1859	1877	1.0
1859	1875	1.0
1859	1871	1.0
1859	1874	1.0
1859	1861	1.0
1859	1860	1.0
1859	1863	1.0
1859	1862	1.0
1859	1865	1.0
1859	1864	1.0
1859	1867	1.0
1859	1866	1.0
1859	1869	1.0
1859	1868	1.0
1859	1872	1.0
1859	1876	1.0
1859	1873	1.0
1870	1859	1.0
1870	1870	1.0
1870	1877	1.0
1870	1875	1.0
1870	1871	1.0
1870	1874	1.0
1870	1861	1.0
1870	1860	1.0
1870	1863	1.0
1870	1862	1.0
1870	1865	1.0
1870	1864	1.0
1870	1867	1.0
1870	1866	1.0
1870	1869	1.0
1870	1868	1.0
1870	1872	1.0
1870	1876	1.0
1870	1873	1.0
1877	1859	1.0
1877	1870	1.0
1877	1877	1.0
1877	1875	1.0
1877	1871	1.0
1877	1874	1.0
1877	1861	1.0
1877	1860	1.0
1877	1863	1.0
1877	1862	1.0
1877	1865	1.0
1877	1864	1.0
1877	1867	1.0
1877	1866	1.0
1877	1869	1.0
1877	1868	1.0
1877	1872	1.0
1877	1876	1.0
1877	1873	1.0
1875	1859	1.0
1875	1870	1.0
1875	1877	1.0
1875	1875	1.0
1875	1871	1.0
1875	1874	1.0
1875	1861	1.0
1875	1860	1.0
1875	1863	1.0
1875	1862	1.0
1875	1865	1.0
1875	1864	1.0
1875	1867	1.0
1875	1866	1.0
1875	1869	1.0
1875	1868	1.0
1875	1872	1.0
1875	1876	1.0
1875	1873	1.0
1871	1859	1.0
1871	1870	1.0
1871	1877	1.0
1871	1875	1.0
1871	1871	1.0
1871	1874	1.0
1871	1861	1.0
1871	1860	1.0
1871	1863	1.0
1871	1862	1.0
1871	1865	1.0
1871	1864	1.0
1871	1867	1.0
1871	1866	1.0
1871	1869	1.0
1871	1868	1.0
1871	1872	1.0
1871	1876	1.0
1871	1873	1.0
1874	1859	1.0
1874	1870	1.0
1874	1877	1.0
1874	1875	1.0
1874	1871	1.0
1874	1874	1.0
1874	1861	1.0
1874	1860	1.0
1874	1863	1.0
1874	1862	1.0
1874	1865	1.0
1874	1864	1.0
1874	1867	1.0
1874	1866	1.0
1874	1869	1.0
1874	1868	1.0
1874	1872	1.0
1874	1876	1.0
1874	1873	1.0
1861	1859	1.0
1861	1870	1.0
1861	1877	1.0
1861	1875	1.0
1861	1871	1.0
1861	1874	1.0
1861	1861	1.0
1861	1860	1.0
1861	1863	1.0
1861	1862	1.0
1861	1865	1.0
1861	1864	1.0
1861	1867	1.0
1861	1866	1.0
1861	1869	1.0
1861	1868	1.0
1861	1872	1.0
1861	1876	1.0
1861	1873	1.0
1860	1859	1.0
1860	1870	1.0
1860	1877	1.0
1860	1875	1.0
1860	1871	1.0
1860	1874	1.0
1860	1861	1.0
1860	1860	1.0
1860	1863	1.0
1860	1862	1.0
1860	1865	1.0
1860	1864	1.0
1860	1867	1.0
1860	1866	1.0
1860	1869	1.0
1860	1868	1.0
1860	1872	1.0
1860	1876	1.0
1860	1873	1.0
1863	1859	1.0
1863	1870	1.0
1863	1877	1.0
1863	1875	1.0
1863	1871	1.0
1863	1874	1.0
1863	1861	1.0
1863	1860	1.0
1863	1863	1.0
1863	1862	1.0
1863	1865	1.0
1863	1864	1.0
1863	1867	1.0
1863	1866	1.0
1863	1869	1.0
1863	1868	1.0
1863	1872	1.0
1863	1876	1.0
1863	1873	1.0
1862	1859	1.0
1862	1870	1.0
1862	1877	1.0
1862	1875	1.0
1862	1871	1.0
1862	1874	1.0
1862	1861	1.0
1862	1860	1.0
1862	1863	1.0
1862	1862	1.0
1862	1865	1.0
1862	1864	1.0
1862	1867	1.0
1862	1866	1.0
1862	1869	1.0
1862	1868	1.0
1862	1872	1.0
1862	1876	1.0
1862	1873	1.0
1865	1859	1.0
1865	1870	1.0
1865	1877	1.0
1865	1875	1.0
1865	1871	1.0
1865	1874	1.0
1865	1861	1.0
1865	1860	1.0
1865	1863	1.0
1865	1862	1.0
1865	1865	1.0
1865	1864	1.0
1865	1867	1.0
1865	1866	1.0
1865	1869	1.0
1865	1868	1.0
1865	1872	1.0
1865	1876	1.0
1865	1873	1.0
1864	1859	1.0
1864	1870	1.0
1864	1877	1.0
1864	1875	1.0
1864	1871	1.0
1864	1874	1.0
1864	1861	1.0
1864	1860	1.0
1864	1863	1.0
1864	1862	1.0
1864	1865	1.0
1864	1864	1.0
1864	1867	1.0
1864	1866	1.0
1864	1869	1.0
1864	1868	1.0
1864	1872	1.0
1864	1876	1.0
1864	1873	1.0
1867	1859	1.0
1867	1870	1.0
1867	1877	1.0
1867	1875	1.0
1867	1871	1.0
1867	1874	1.0
1867	1861	1.0
1867	1860	1.0
1867	1863	1.0
1867	1862	1.0
1867	1865	1.0
1867	1864	1.0
1867	1867	1.0
1867	1866	1.0
1867	1869	1.0
1867	1868	1.0
1867	1872	1.0
1867	1876	1.0
1867	1873	1.0
1866	1859	1.0
1866	1870	1.0
1866	1877	1.0
1866	1875	1.0
1866	1871	1.0
1866	1874	1.0
1866	1861	1.0
1866	1860	1.0
1866	1863	1.0
1866	1862	1.0
1866	1865	1.0
1866	1864	1.0
1866	1867	1.0
1866	1866	1.0
1866	1869	1.0
1866	1868	1.0
1866	1872	1.0
1866	1876	1.0
1866	1873	1.0
1869	1859	1.0
1869	1870	1.0
1869	1877	1.0
1869	1875	1.0
1869	1871	1.0
1869	1874	1.0
1869	1861	1.0
1869	1860	1.0
1869	1863	1.0
1869	1862	1.0
1869	1865	1.0
1869	1864	1.0
1869	1867	1.0
1869	1866	1.0
1869	1869	1.0
1869	1868	1.0
1869	1872	1.0
1869	1876	1.0
1869	1873	1.0
1868	1859	1.0
1868	1870	1.0
1868	1877	1.0
1868	1875	1.0
1868	1871	1.0
1868	1874	1.0
1868	1861	1.0
1868	1860	1.0
1868	1863	1.0
1868	1862	1.0
1868	1865	1.0
1868	1864	1.0
1868	1867	1.0
1868	1866	1.0
1868	1869	1.0
1868	1868	1.0
1868	1872	1.0
1868	1876	1.0
1868	1873	1.0
1872	1859	1.0
1872	1870	1.0
1872	1877	1.0
1872	1875	1.0
1872	1871	1.0
1872	1874	1.0
1872	1861	1.0
1872	1860	1.0
1872	1863	1.0
1872	1862	1.0
1872	1865	1.0
1872	1864	1.0
1872	1867	1.0
1872	1866	1.0
1872	1869	1.0
1872	1868	1.0
1872	1872	1.0
1872	1876	1.0
1872	1873	1.0
1876	1859	1.0
1876	1870	1.0
1876	1877	1.0
1876	1875	1.0
1876	1871	1.0
1876	1874	1.0
1876	1861	1.0
1876	1860	1.0
1876	1863	1.0
1876	1862	1.0
1876	1865	1.0
1876	1864	1.0
1876	1867	1.0
1876	1866	1.0
1876	1869	1.0
1876	1868	1.0
1876	1872	1.0
1876	1876	1.0
1876	1873	1.0
1873	1859	1.0
1873	1870	1.0
1873	1877	1.0
1873	1875	1.0
1873	1871	1.0
1873	1874	1.0
1873	1861	1.0
1873	1860	1.0
1873	1863	1.0
1873	1862	1.0
1873	1865	1.0
1873	1864	1.0
1873	1867	1.0
1873	1866	1.0
1873	1869	1.0
1873	1868	1.0
1873	1872	1.0
1873	1876	1.0
1873	1873	1.0
223	223	1.0
1397	1397	1.0
1397	1400	1.0
1397	1399	1.0
1397	1398	1.0
1400	1397	1.0
1400	1400	1.0
1400	1399	1.0
1400	1398	1.0
1399	1397	1.0
1399	1400	1.0
1399	1399	1.0
1399	1398	1.0
1398	1397	1.0
1398	1400	1.0
1398	1399	1.0
1398	1398	1.0
2886	2886	1.0
2886	2887	1.0
2886	2885	1.0
2887	2886	1.0
2887	2887	1.0
2887	2885	1.0
2885	2886	1.0
2885	2887	1.0
2885	2885	1.0
1747	1747	1.0
2617	2617	1.0
266	266	1.0
266	265	1.0
266	264	1.0
265	266	1.0
265	265	1.0
265	264	1.0
264	266	1.0
264	265	1.0
264	264	1.0
673	673	1.0
995	995	1.0
995	994	1.0
995	991	1.0
995	993	1.0
995	992	1.0
994	995	1.0
994	994	1.0
994	991	1.0
994	993	1.0
994	992	1.0
991	995	1.0
991	994	1.0
991	991	1.0
991	993	1.0
991	992	1.0
993	995	1.0
993	994	1.0
993	991	1.0
993	993	1.0
993	992	1.0
992	995	1.0
992	994	1.0
992	991	1.0
992	993	1.0
992	992	1.0
2109	2109	1.0
2109	2108	1.0
2109	2110	1.0
2109	2111	1.0
2109	2112	1.0
2109	2107	1.0
2108	2109	1.0
2108	2108	1.0
2108	2110	1.0
2108	2111	1.0
2108	2112	1.0
2108	2107	1.0
2110	2109	1.0
2110	2108	1.0
2110	2110	1.0
2110	2111	1.0
2110	2112	1.0
2110	2107	1.0
2111	2109	1.0
2111	2108	1.0
2111	2110	1.0
2111	2111	1.0
2111	2112	1.0
2111	2107	1.0
2112	2109	1.0
2112	2108	1.0
2112	2110	1.0
2112	2111	1.0
2112	2112	1.0
2112	2107	1.0
2107	2109	1.0
2107	2108	1.0
2107	2110	1.0
2107	2111	1.0
2107	2112	1.0
2107	2107	1.0
2307	2307	1.0
232	232	1.0
1038	1038	1.0
203	203	1.0
2097	2097	1.0
845	845	1.0
845	844	1.0
845	843	1.0
845	842	1.0
845	841	1.0
844	845	1.0
844	844	1.0
844	843	1.0
844	842	1.0
844	841	1.0
843	845	1.0
843	844	1.0
843	843	1.0
843	842	1.0
843	841	1.0
842	845	1.0
842	844	1.0
842	843	1.0
842	842	1.0
842	841	1.0
841	845	1.0
841	844	1.0
841	843	1.0
841	842	1.0
841	841	1.0
1531	1531	1.0
1645	1645	1.0
1645	1644	1.0
1645	1647	1.0
1645	1646	1.0
1645	1648	1.0
1644	1645	1.0
1644	1644	1.0
1644	1647	1.0
1644	1646	1.0
1644	1648	1.0
1647	1645	1.0
1647	1644	1.0
1647	1647	1.0
1647	1646	1.0
1647	1648	1.0
1646	1645	1.0
1646	1644	1.0
1646	1647	1.0
1646	1646	1.0
1646	1648	1.0
1648	1645	1.0
1648	1644	1.0
1648	1647	1.0
1648	1646	1.0
1648	1648	1.0
846	846	1.0
2170	2170	1.0
2351	2351	1.0
55	55	1.0
55	54	1.0
54	55	1.0
54	54	1.0
1274	1274	1.0
1274	1275	1.0
1274	1276	1.0
1275	1274	1.0
1275	1275	1.0
1275	1276	1.0
1276	1274	1.0
1276	1275	1.0
1276	1276	1.0
524	524	1.0
524	525	1.0
524	526	1.0
524	527	1.0
524	520	1.0
524	521	1.0
524	522	1.0
524	523	1.0
524	528	1.0
525	524	1.0
525	525	1.0
525	526	1.0
525	527	1.0
525	520	1.0
525	521	1.0
525	522	1.0
525	523	1.0
525	528	1.0
526	524	1.0
526	525	1.0
526	526	1.0
526	527	1.0
526	520	1.0
526	521	1.0
526	522	1.0
526	523	1.0
526	528	1.0
527	524	1.0
527	525	1.0
527	526	1.0
527	527	1.0
527	520	1.0
527	521	1.0
527	522	1.0
527	523	1.0
527	528	1.0
520	524	1.0
520	525	1.0
520	526	1.0
520	527	1.0
520	520	1.0
520	521	1.0
520	522	1.0
520	523	1.0
520	528	1.0
521	524	1.0
521	525	1.0
521	526	1.0
521	527	1.0
521	520	1.0
521	521	1.0
521	522	1.0
521	523	1.0
521	528	1.0
522	524	1.0
522	525	1.0
522	526	1.0
522	527	1.0
522	520	1.0
522	521	1.0
522	522	1.0
522	523	1.0
522	528	1.0
523	524	1.0
523	525	1.0
523	526	1.0
523	527	1.0
523	520	1.0
523	521	1.0
523	522	1.0
523	523	1.0
523	528	1.0
528	524	1.0
528	525	1.0
528	526	1.0
528	527	1.0
528	520	1.0
528	521	1.0
528	522	1.0
528	523	1.0
528	528	1.0
1000	1000	1.0
1299	1299	1.0
2150	2150	1.0
2818	2818	1.0
1093	1093	1.0
2639	2639	1.0
2639	2638	1.0
2638	2639	1.0
2638	2638	1.0
2198	2198	1.0
2198	2199	1.0
2198	2200	1.0
2199	2198	1.0
2199	2199	1.0
2199	2200	1.0
2200	2198	1.0
2200	2199	1.0
2200	2200	1.0
13	13	1.0
1922	1922	1.0
1670	1670	1.0
1670	1669	1.0
1670	1668	1.0
1670	1667	1.0
1670	1666	1.0
1670	1665	1.0
1670	1664	1.0
1670	1663	1.0
1669	1670	1.0
1669	1669	1.0
1669	1668	1.0
1669	1667	1.0
1669	1666	1.0
1669	1665	1.0
1669	1664	1.0
1669	1663	1.0
1668	1670	1.0
1668	1669	1.0
1668	1668	1.0
1668	1667	1.0
1668	1666	1.0
1668	1665	1.0
1668	1664	1.0
1668	1663	1.0
1667	1670	1.0
1667	1669	1.0
1667	1668	1.0
1667	1667	1.0
1667	1666	1.0
1667	1665	1.0
1667	1664	1.0
1667	1663	1.0
1666	1670	1.0
1666	1669	1.0
1666	1668	1.0
1666	1667	1.0
1666	1666	1.0
1666	1665	1.0
1666	1664	1.0
1666	1663	1.0
1665	1670	1.0
1665	1669	1.0
1665	1668	1.0
1665	1667	1.0
1665	1666	1.0
1665	1665	1.0
1665	1664	1.0
1665	1663	1.0
1664	1670	1.0
1664	1669	1.0
1664	1668	1.0
1664	1667	1.0
1664	1666	1.0
1664	1665	1.0
1664	1664	1.0
1664	1663	1.0
1663	1670	1.0
1663	1669	1.0
1663	1668	1.0
1663	1667	1.0
1663	1666	1.0
1663	1665	1.0
1663	1664	1.0
1663	1663	1.0
1047	1047	1.0
1047	1046	1.0
1047	1045	1.0
1047	1044	1.0
1046	1047	1.0
1046	1046	1.0
1046	1045	1.0
1046	1044	1.0
1045	1047	1.0
1045	1046	1.0
1045	1045	1.0
1045	1044	1.0
1044	1047	1.0
1044	1046	1.0
1044	1045	1.0
1044	1044	1.0
2715	2715	1.0
2229	2229	1.0
108	108	1.0
803	803	1.0
908	908	1.0
908	909	1.0
908	906	1.0
908	907	1.0
908	905	1.0
909	908	1.0
909	909	1.0
909	906	1.0
909	907	1.0
909	905	1.0
906	908	1.0
906	909	1.0
906	906	1.0
906	907	1.0
906	905	1.0
907	908	1.0
907	909	1.0
907	906	1.0
907	907	1.0
907	905	1.0
905	908	1.0
905	909	1.0
905	906	1.0
905	907	1.0
905	905	1.0
1923	1923	1.0
674	674	1.0
1185	1185	1.0
1039	1039	1.0
427	427	1.0
38	38	1.0
894	894	1.0
749	749	1.0
1807	1807	1.0
1807	1806	1.0
1807	1808	1.0
1806	1807	1.0
1806	1806	1.0
1806	1808	1.0
1808	1807	1.0
1808	1806	1.0
1808	1808	1.0
2498	2498	1.0
2498	2497	1.0
2498	2496	1.0
2497	2498	1.0
2497	2497	1.0
2497	2496	1.0
2496	2498	1.0
2496	2497	1.0
2496	2496	1.0
1649	1649	1.0
2455	2455	1.0
2405	2405	1.0
2389	2389	1.0
2389	2392	1.0
2389	2390	1.0
2392	2389	1.0
2392	2392	1.0
2392	2390	1.0
2390	2389	1.0
2390	2392	1.0
2390	2390	1.0
879	879	1.0
1906	1906	1.0
1725	1725	1.0
898	898	1.0
1348	1348	1.0
1488	1488	1.0
1488	1487	1.0
1488	1486	1.0
1488	1485	1.0
1488	1484	1.0
1487	1488	1.0
1487	1487	1.0
1487	1486	1.0
1487	1485	1.0
1487	1484	1.0
1486	1488	1.0
1486	1487	1.0
1486	1486	1.0
1486	1485	1.0
1486	1484	1.0
1485	1488	1.0
1485	1487	1.0
1485	1486	1.0
1485	1485	1.0
1485	1484	1.0
1484	1488	1.0
1484	1487	1.0
1484	1486	1.0
1484	1485	1.0
1484	1484	1.0
1319	1319	1.0
1027	1027	1.0
234	234	1.0
234	235	1.0
234	236	1.0
235	234	1.0
235	235	1.0
235	236	1.0
236	234	1.0
236	235	1.0
236	236	1.0
1254	1254	1.0
1254	1253	1.0
1253	1254	1.0
1253	1253	1.0
77	77	1.0
77	76	1.0
77	80	1.0
77	79	1.0
77	78	1.0
76	77	1.0
76	76	1.0
76	80	1.0
76	79	1.0
76	78	1.0
80	77	1.0
80	76	1.0
80	80	1.0
80	79	1.0
80	78	1.0
79	77	1.0
79	76	1.0
79	80	1.0
79	79	1.0
79	78	1.0
78	77	1.0
78	76	1.0
78	80	1.0
78	79	1.0
78	78	1.0
447	447	1.0
2643	2643	1.0
2643	2644	1.0
2643	2645	1.0
2643	2646	1.0
2644	2643	1.0
2644	2644	1.0
2644	2645	1.0
2644	2646	1.0
2645	2643	1.0
2645	2644	1.0
2645	2645	1.0
2645	2646	1.0
2646	2643	1.0
2646	2644	1.0
2646	2645	1.0
2646	2646	1.0
1048	1048	1.0
1224	1224	1.0
1406	1406	1.0
1406	1405	1.0
1406	1404	1.0
1405	1406	1.0
1405	1405	1.0
1405	1404	1.0
1404	1406	1.0
1404	1405	1.0
1404	1404	1.0
1991	1991	1.0
202	202	1.0
256	256	1.0
256	258	1.0
256	259	1.0
256	252	1.0
256	253	1.0
256	250	1.0
256	251	1.0
256	249	1.0
256	257	1.0
256	254	1.0
256	255	1.0
258	256	1.0
258	258	1.0
258	259	1.0
258	252	1.0
258	253	1.0
258	250	1.0
258	251	1.0
258	249	1.0
258	257	1.0
258	254	1.0
258	255	1.0
259	256	1.0
259	258	1.0
259	259	1.0
259	252	1.0
259	253	1.0
259	250	1.0
259	251	1.0
259	249	1.0
259	257	1.0
259	254	1.0
259	255	1.0
252	256	1.0
252	258	1.0
252	259	1.0
252	252	1.0
252	253	1.0
252	250	1.0
252	251	1.0
252	249	1.0
252	257	1.0
252	254	1.0
252	255	1.0
253	256	1.0
253	258	1.0
253	259	1.0
253	252	1.0
253	253	1.0
253	250	1.0
253	251	1.0
253	249	1.0
253	257	1.0
253	254	1.0
253	255	1.0
250	256	1.0
250	258	1.0
250	259	1.0
250	252	1.0
250	253	1.0
250	250	1.0
250	251	1.0
250	249	1.0
250	257	1.0
250	254	1.0
250	255	1.0
251	256	1.0
251	258	1.0
251	259	1.0
251	252	1.0
251	253	1.0
251	250	1.0
251	251	1.0
251	249	1.0
251	257	1.0
251	254	1.0
251	255	1.0
249	256	1.0
249	258	1.0
249	259	1.0
249	252	1.0
249	253	1.0
249	250	1.0
249	251	1.0
249	249	1.0
249	257	1.0
249	254	1.0
249	255	1.0
257	256	1.0
257	258	1.0
257	259	1.0
257	252	1.0
257	253	1.0
257	250	1.0
257	251	1.0
257	249	1.0
257	257	1.0
257	254	1.0
257	255	1.0
254	256	1.0
254	258	1.0
254	259	1.0
254	252	1.0
254	253	1.0
254	250	1.0
254	251	1.0
254	249	1.0
254	257	1.0
254	254	1.0
254	255	1.0
255	256	1.0
255	258	1.0
255	259	1.0
255	252	1.0
255	253	1.0
255	250	1.0
255	251	1.0
255	249	1.0
255	257	1.0
255	254	1.0
255	255	1.0
1003	1003	1.0
425	425	1.0
425	426	1.0
426	425	1.0
426	426	1.0
2350	2350	1.0
2350	2349	1.0
2349	2350	1.0
2349	2349	1.0
1024	1024	1.0
1674	1674	1.0
1674	1675	1.0
1674	1676	1.0
1674	1677	1.0
1675	1674	1.0
1675	1675	1.0
1675	1676	1.0
1675	1677	1.0
1676	1674	1.0
1676	1675	1.0
1676	1676	1.0
1676	1677	1.0
1677	1674	1.0
1677	1675	1.0
1677	1676	1.0
1677	1677	1.0
2055	2055	1.0
2055	2054	1.0
2054	2055	1.0
2054	2054	1.0
2381	2381	1.0
1853	1853	1.0
2835	2835	1.0
2133	2133	1.0
2778	2778	1.0
2778	2779	1.0
2778	2770	1.0
2778	2771	1.0
2778	2772	1.0
2778	2773	1.0
2778	2774	1.0
2778	2775	1.0
2778	2776	1.0
2778	2777	1.0
2778	2769	1.0
2778	2768	1.0
2778	2763	1.0
2778	2762	1.0
2778	2761	1.0
2778	2760	1.0
2778	2767	1.0
2778	2766	1.0
2778	2765	1.0
2778	2764	1.0
2778	2757	1.0
2778	2758	1.0
2778	2759	1.0
2779	2778	1.0
2779	2779	1.0
2779	2770	1.0
2779	2771	1.0
2779	2772	1.0
2779	2773	1.0
2779	2774	1.0
2779	2775	1.0
2779	2776	1.0
2779	2777	1.0
2779	2769	1.0
2779	2768	1.0
2779	2763	1.0
2779	2762	1.0
2779	2761	1.0
2779	2760	1.0
2779	2767	1.0
2779	2766	1.0
2779	2765	1.0
2779	2764	1.0
2779	2757	1.0
2779	2758	1.0
2779	2759	1.0
2770	2778	1.0
2770	2779	1.0
2770	2770	1.0
2770	2771	1.0
2770	2772	1.0
2770	2773	1.0
2770	2774	1.0
2770	2775	1.0
2770	2776	1.0
2770	2777	1.0
2770	2769	1.0
2770	2768	1.0
2770	2763	1.0
2770	2762	1.0
2770	2761	1.0
2770	2760	1.0
2770	2767	1.0
2770	2766	1.0
2770	2765	1.0
2770	2764	1.0
2770	2757	1.0
2770	2758	1.0
2770	2759	1.0
2771	2778	1.0
2771	2779	1.0
2771	2770	1.0
2771	2771	1.0
2771	2772	1.0
2771	2773	1.0
2771	2774	1.0
2771	2775	1.0
2771	2776	1.0
2771	2777	1.0
2771	2769	1.0
2771	2768	1.0
2771	2763	1.0
2771	2762	1.0
2771	2761	1.0
2771	2760	1.0
2771	2767	1.0
2771	2766	1.0
2771	2765	1.0
2771	2764	1.0
2771	2757	1.0
2771	2758	1.0
2771	2759	1.0
2772	2778	1.0
2772	2779	1.0
2772	2770	1.0
2772	2771	1.0
2772	2772	1.0
2772	2773	1.0
2772	2774	1.0
2772	2775	1.0
2772	2776	1.0
2772	2777	1.0
2772	2769	1.0
2772	2768	1.0
2772	2763	1.0
2772	2762	1.0
2772	2761	1.0
2772	2760	1.0
2772	2767	1.0
2772	2766	1.0
2772	2765	1.0
2772	2764	1.0
2772	2757	1.0
2772	2758	1.0
2772	2759	1.0
2773	2778	1.0
2773	2779	1.0
2773	2770	1.0
2773	2771	1.0
2773	2772	1.0
2773	2773	1.0
2773	2774	1.0
2773	2775	1.0
2773	2776	1.0
2773	2777	1.0
2773	2769	1.0
2773	2768	1.0
2773	2763	1.0
2773	2762	1.0
2773	2761	1.0
2773	2760	1.0
2773	2767	1.0
2773	2766	1.0
2773	2765	1.0
2773	2764	1.0
2773	2757	1.0
2773	2758	1.0
2773	2759	1.0
2774	2778	1.0
2774	2779	1.0
2774	2770	1.0
2774	2771	1.0
2774	2772	1.0
2774	2773	1.0
2774	2774	1.0
2774	2775	1.0
2774	2776	1.0
2774	2777	1.0
2774	2769	1.0
2774	2768	1.0
2774	2763	1.0
2774	2762	1.0
2774	2761	1.0
2774	2760	1.0
2774	2767	1.0
2774	2766	1.0
2774	2765	1.0
2774	2764	1.0
2774	2757	1.0
2774	2758	1.0
2774	2759	1.0
2775	2778	1.0
2775	2779	1.0
2775	2770	1.0
2775	2771	1.0
2775	2772	1.0
2775	2773	1.0
2775	2774	1.0
2775	2775	1.0
2775	2776	1.0
2775	2777	1.0
2775	2769	1.0
2775	2768	1.0
2775	2763	1.0
2775	2762	1.0
2775	2761	1.0
2775	2760	1.0
2775	2767	1.0
2775	2766	1.0
2775	2765	1.0
2775	2764	1.0
2775	2757	1.0
2775	2758	1.0
2775	2759	1.0
2776	2778	1.0
2776	2779	1.0
2776	2770	1.0
2776	2771	1.0
2776	2772	1.0
2776	2773	1.0
2776	2774	1.0
2776	2775	1.0
2776	2776	1.0
2776	2777	1.0
2776	2769	1.0
2776	2768	1.0
2776	2763	1.0
2776	2762	1.0
2776	2761	1.0
2776	2760	1.0
2776	2767	1.0
2776	2766	1.0
2776	2765	1.0
2776	2764	1.0
2776	2757	1.0
2776	2758	1.0
2776	2759	1.0
2777	2778	1.0
2777	2779	1.0
2777	2770	1.0
2777	2771	1.0
2777	2772	1.0
2777	2773	1.0
2777	2774	1.0
2777	2775	1.0
2777	2776	1.0
2777	2777	1.0
2777	2769	1.0
2777	2768	1.0
2777	2763	1.0
2777	2762	1.0
2777	2761	1.0
2777	2760	1.0
2777	2767	1.0
2777	2766	1.0
2777	2765	1.0
2777	2764	1.0
2777	2757	1.0
2777	2758	1.0
2777	2759	1.0
2769	2778	1.0
2769	2779	1.0
2769	2770	1.0
2769	2771	1.0
2769	2772	1.0
2769	2773	1.0
2769	2774	1.0
2769	2775	1.0
2769	2776	1.0
2769	2777	1.0
2769	2769	1.0
2769	2768	1.0
2769	2763	1.0
2769	2762	1.0
2769	2761	1.0
2769	2760	1.0
2769	2767	1.0
2769	2766	1.0
2769	2765	1.0
2769	2764	1.0
2769	2757	1.0
2769	2758	1.0
2769	2759	1.0
2768	2778	1.0
2768	2779	1.0
2768	2770	1.0
2768	2771	1.0
2768	2772	1.0
2768	2773	1.0
2768	2774	1.0
2768	2775	1.0
2768	2776	1.0
2768	2777	1.0
2768	2769	1.0
2768	2768	1.0
2768	2763	1.0
2768	2762	1.0
2768	2761	1.0
2768	2760	1.0
2768	2767	1.0
2768	2766	1.0
2768	2765	1.0
2768	2764	1.0
2768	2757	1.0
2768	2758	1.0
2768	2759	1.0
2763	2778	1.0
2763	2779	1.0
2763	2770	1.0
2763	2771	1.0
2763	2772	1.0
2763	2773	1.0
2763	2774	1.0
2763	2775	1.0
2763	2776	1.0
2763	2777	1.0
2763	2769	1.0
2763	2768	1.0
2763	2763	1.0
2763	2762	1.0
2763	2761	1.0
2763	2760	1.0
2763	2767	1.0
2763	2766	1.0
2763	2765	1.0
2763	2764	1.0
2763	2757	1.0
2763	2758	1.0
2763	2759	1.0
2762	2778	1.0
2762	2779	1.0
2762	2770	1.0
2762	2771	1.0
2762	2772	1.0
2762	2773	1.0
2762	2774	1.0
2762	2775	1.0
2762	2776	1.0
2762	2777	1.0
2762	2769	1.0
2762	2768	1.0
2762	2763	1.0
2762	2762	1.0
2762	2761	1.0
2762	2760	1.0
2762	2767	1.0
2762	2766	1.0
2762	2765	1.0
2762	2764	1.0
2762	2757	1.0
2762	2758	1.0
2762	2759	1.0
2761	2778	1.0
2761	2779	1.0
2761	2770	1.0
2761	2771	1.0
2761	2772	1.0
2761	2773	1.0
2761	2774	1.0
2761	2775	1.0
2761	2776	1.0
2761	2777	1.0
2761	2769	1.0
2761	2768	1.0
2761	2763	1.0
2761	2762	1.0
2761	2761	1.0
2761	2760	1.0
2761	2767	1.0
2761	2766	1.0
2761	2765	1.0
2761	2764	1.0
2761	2757	1.0
2761	2758	1.0
2761	2759	1.0
2760	2778	1.0
2760	2779	1.0
2760	2770	1.0
2760	2771	1.0
2760	2772	1.0
2760	2773	1.0
2760	2774	1.0
2760	2775	1.0
2760	2776	1.0
2760	2777	1.0
2760	2769	1.0
2760	2768	1.0
2760	2763	1.0
2760	2762	1.0
2760	2761	1.0
2760	2760	1.0
2760	2767	1.0
2760	2766	1.0
2760	2765	1.0
2760	2764	1.0
2760	2757	1.0
2760	2758	1.0
2760	2759	1.0
2767	2778	1.0
2767	2779	1.0
2767	2770	1.0
2767	2771	1.0
2767	2772	1.0
2767	2773	1.0
2767	2774	1.0
2767	2775	1.0
2767	2776	1.0
2767	2777	1.0
2767	2769	1.0
2767	2768	1.0
2767	2763	1.0
2767	2762	1.0
2767	2761	1.0
2767	2760	1.0
2767	2767	1.0
2767	2766	1.0
2767	2765	1.0
2767	2764	1.0
2767	2757	1.0
2767	2758	1.0
2767	2759	1.0
2766	2778	1.0
2766	2779	1.0
2766	2770	1.0
2766	2771	1.0
2766	2772	1.0
2766	2773	1.0
2766	2774	1.0
2766	2775	1.0
2766	2776	1.0
2766	2777	1.0
2766	2769	1.0
2766	2768	1.0
2766	2763	1.0
2766	2762	1.0
2766	2761	1.0
2766	2760	1.0
2766	2767	1.0
2766	2766	1.0
2766	2765	1.0
2766	2764	1.0
2766	2757	1.0
2766	2758	1.0
2766	2759	1.0
2765	2778	1.0
2765	2779	1.0
2765	2770	1.0
2765	2771	1.0
2765	2772	1.0
2765	2773	1.0
2765	2774	1.0
2765	2775	1.0
2765	2776	1.0
2765	2777	1.0
2765	2769	1.0
2765	2768	1.0
2765	2763	1.0
2765	2762	1.0
2765	2761	1.0
2765	2760	1.0
2765	2767	1.0
2765	2766	1.0
2765	2765	1.0
2765	2764	1.0
2765	2757	1.0
2765	2758	1.0
2765	2759	1.0
2764	2778	1.0
2764	2779	1.0
2764	2770	1.0
2764	2771	1.0
2764	2772	1.0
2764	2773	1.0
2764	2774	1.0
2764	2775	1.0
2764	2776	1.0
2764	2777	1.0
2764	2769	1.0
2764	2768	1.0
2764	2763	1.0
2764	2762	1.0
2764	2761	1.0
2764	2760	1.0
2764	2767	1.0
2764	2766	1.0
2764	2765	1.0
2764	2764	1.0
2764	2757	1.0
2764	2758	1.0
2764	2759	1.0
2757	2778	1.0
2757	2779	1.0
2757	2770	1.0
2757	2771	1.0
2757	2772	1.0
2757	2773	1.0
2757	2774	1.0
2757	2775	1.0
2757	2776	1.0
2757	2777	1.0
2757	2769	1.0
2757	2768	1.0
2757	2763	1.0
2757	2762	1.0
2757	2761	1.0
2757	2760	1.0
2757	2767	1.0
2757	2766	1.0
2757	2765	1.0
2757	2764	1.0
2757	2757	1.0
2757	2758	1.0
2757	2759	1.0
2758	2778	1.0
2758	2779	1.0
2758	2770	1.0
2758	2771	1.0
2758	2772	1.0
2758	2773	1.0
2758	2774	1.0
2758	2775	1.0
2758	2776	1.0
2758	2777	1.0
2758	2769	1.0
2758	2768	1.0
2758	2763	1.0
2758	2762	1.0
2758	2761	1.0
2758	2760	1.0
2758	2767	1.0
2758	2766	1.0
2758	2765	1.0
2758	2764	1.0
2758	2757	1.0
2758	2758	1.0
2758	2759	1.0
2759	2778	1.0
2759	2779	1.0
2759	2770	1.0
2759	2771	1.0
2759	2772	1.0
2759	2773	1.0
2759	2774	1.0
2759	2775	1.0
2759	2776	1.0
2759	2777	1.0
2759	2769	1.0
2759	2768	1.0
2759	2763	1.0
2759	2762	1.0
2759	2761	1.0
2759	2760	1.0
2759	2767	1.0
2759	2766	1.0
2759	2765	1.0
2759	2764	1.0
2759	2757	1.0
2759	2758	1.0
2759	2759	1.0
2577	2577	1.0
1788	1788	1.0
1788	1789	1.0
1788	1780	1.0
1788	1781	1.0
1788	1782	1.0
1788	1783	1.0
1788	1784	1.0
1788	1785	1.0
1788	1786	1.0
1788	1787	1.0
1788	1775	1.0
1788	1774	1.0
1788	1777	1.0
1788	1776	1.0
1788	1771	1.0
1788	1770	1.0
1788	1773	1.0
1788	1772	1.0
1788	1779	1.0
1788	1778	1.0
1788	1792	1.0
1788	1791	1.0
1788	1790	1.0
1788	1768	1.0
1788	1769	1.0
1788	1763	1.0
1788	1766	1.0
1788	1767	1.0
1788	1764	1.0
1788	1765	1.0
1789	1788	1.0
1789	1789	1.0
1789	1780	1.0
1789	1781	1.0
1789	1782	1.0
1789	1783	1.0
1789	1784	1.0
1789	1785	1.0
1789	1786	1.0
1789	1787	1.0
1789	1775	1.0
1789	1774	1.0
1789	1777	1.0
1789	1776	1.0
1789	1771	1.0
1789	1770	1.0
1789	1773	1.0
1789	1772	1.0
1789	1779	1.0
1789	1778	1.0
1789	1792	1.0
1789	1791	1.0
1789	1790	1.0
1789	1768	1.0
1789	1769	1.0
1789	1763	1.0
1789	1766	1.0
1789	1767	1.0
1789	1764	1.0
1789	1765	1.0
1780	1788	1.0
1780	1789	1.0
1780	1780	1.0
1780	1781	1.0
1780	1782	1.0
1780	1783	1.0
1780	1784	1.0
1780	1785	1.0
1780	1786	1.0
1780	1787	1.0
1780	1775	1.0
1780	1774	1.0
1780	1777	1.0
1780	1776	1.0
1780	1771	1.0
1780	1770	1.0
1780	1773	1.0
1780	1772	1.0
1780	1779	1.0
1780	1778	1.0
1780	1792	1.0
1780	1791	1.0
1780	1790	1.0
1780	1768	1.0
1780	1769	1.0
1780	1763	1.0
1780	1766	1.0
1780	1767	1.0
1780	1764	1.0
1780	1765	1.0
1781	1788	1.0
1781	1789	1.0
1781	1780	1.0
1781	1781	1.0
1781	1782	1.0
1781	1783	1.0
1781	1784	1.0
1781	1785	1.0
1781	1786	1.0
1781	1787	1.0
1781	1775	1.0
1781	1774	1.0
1781	1777	1.0
1781	1776	1.0
1781	1771	1.0
1781	1770	1.0
1781	1773	1.0
1781	1772	1.0
1781	1779	1.0
1781	1778	1.0
1781	1792	1.0
1781	1791	1.0
1781	1790	1.0
1781	1768	1.0
1781	1769	1.0
1781	1763	1.0
1781	1766	1.0
1781	1767	1.0
1781	1764	1.0
1781	1765	1.0
1782	1788	1.0
1782	1789	1.0
1782	1780	1.0
1782	1781	1.0
1782	1782	1.0
1782	1783	1.0
1782	1784	1.0
1782	1785	1.0
1782	1786	1.0
1782	1787	1.0
1782	1775	1.0
1782	1774	1.0
1782	1777	1.0
1782	1776	1.0
1782	1771	1.0
1782	1770	1.0
1782	1773	1.0
1782	1772	1.0
1782	1779	1.0
1782	1778	1.0
1782	1792	1.0
1782	1791	1.0
1782	1790	1.0
1782	1768	1.0
1782	1769	1.0
1782	1763	1.0
1782	1766	1.0
1782	1767	1.0
1782	1764	1.0
1782	1765	1.0
1783	1788	1.0
1783	1789	1.0
1783	1780	1.0
1783	1781	1.0
1783	1782	1.0
1783	1783	1.0
1783	1784	1.0
1783	1785	1.0
1783	1786	1.0
1783	1787	1.0
1783	1775	1.0
1783	1774	1.0
1783	1777	1.0
1783	1776	1.0
1783	1771	1.0
1783	1770	1.0
1783	1773	1.0
1783	1772	1.0
1783	1779	1.0
1783	1778	1.0
1783	1792	1.0
1783	1791	1.0
1783	1790	1.0
1783	1768	1.0
1783	1769	1.0
1783	1763	1.0
1783	1766	1.0
1783	1767	1.0
1783	1764	1.0
1783	1765	1.0
1784	1788	1.0
1784	1789	1.0
1784	1780	1.0
1784	1781	1.0
1784	1782	1.0
1784	1783	1.0
1784	1784	1.0
1784	1785	1.0
1784	1786	1.0
1784	1787	1.0
1784	1775	1.0
1784	1774	1.0
1784	1777	1.0
1784	1776	1.0
1784	1771	1.0
1784	1770	1.0
1784	1773	1.0
1784	1772	1.0
1784	1779	1.0
1784	1778	1.0
1784	1792	1.0
1784	1791	1.0
1784	1790	1.0
1784	1768	1.0
1784	1769	1.0
1784	1763	1.0
1784	1766	1.0
1784	1767	1.0
1784	1764	1.0
1784	1765	1.0
1785	1788	1.0
1785	1789	1.0
1785	1780	1.0
1785	1781	1.0
1785	1782	1.0
1785	1783	1.0
1785	1784	1.0
1785	1785	1.0
1785	1786	1.0
1785	1787	1.0
1785	1775	1.0
1785	1774	1.0
1785	1777	1.0
1785	1776	1.0
1785	1771	1.0
1785	1770	1.0
1785	1773	1.0
1785	1772	1.0
1785	1779	1.0
1785	1778	1.0
1785	1792	1.0
1785	1791	1.0
1785	1790	1.0
1785	1768	1.0
1785	1769	1.0
1785	1763	1.0
1785	1766	1.0
1785	1767	1.0
1785	1764	1.0
1785	1765	1.0
1786	1788	1.0
1786	1789	1.0
1786	1780	1.0
1786	1781	1.0
1786	1782	1.0
1786	1783	1.0
1786	1784	1.0
1786	1785	1.0
1786	1786	1.0
1786	1787	1.0
1786	1775	1.0
1786	1774	1.0
1786	1777	1.0
1786	1776	1.0
1786	1771	1.0
1786	1770	1.0
1786	1773	1.0
1786	1772	1.0
1786	1779	1.0
1786	1778	1.0
1786	1792	1.0
1786	1791	1.0
1786	1790	1.0
1786	1768	1.0
1786	1769	1.0
1786	1763	1.0
1786	1766	1.0
1786	1767	1.0
1786	1764	1.0
1786	1765	1.0
1787	1788	1.0
1787	1789	1.0
1787	1780	1.0
1787	1781	1.0
1787	1782	1.0
1787	1783	1.0
1787	1784	1.0
1787	1785	1.0
1787	1786	1.0
1787	1787	1.0
1787	1775	1.0
1787	1774	1.0
1787	1777	1.0
1787	1776	1.0
1787	1771	1.0
1787	1770	1.0
1787	1773	1.0
1787	1772	1.0
1787	1779	1.0
1787	1778	1.0
1787	1792	1.0
1787	1791	1.0
1787	1790	1.0
1787	1768	1.0
1787	1769	1.0
1787	1763	1.0
1787	1766	1.0
1787	1767	1.0
1787	1764	1.0
1787	1765	1.0
1775	1788	1.0
1775	1789	1.0
1775	1780	1.0
1775	1781	1.0
1775	1782	1.0
1775	1783	1.0
1775	1784	1.0
1775	1785	1.0
1775	1786	1.0
1775	1787	1.0
1775	1775	1.0
1775	1774	1.0
1775	1777	1.0
1775	1776	1.0
1775	1771	1.0
1775	1770	1.0
1775	1773	1.0
1775	1772	1.0
1775	1779	1.0
1775	1778	1.0
1775	1792	1.0
1775	1791	1.0
1775	1790	1.0
1775	1768	1.0
1775	1769	1.0
1775	1763	1.0
1775	1766	1.0
1775	1767	1.0
1775	1764	1.0
1775	1765	1.0
1774	1788	1.0
1774	1789	1.0
1774	1780	1.0
1774	1781	1.0
1774	1782	1.0
1774	1783	1.0
1774	1784	1.0
1774	1785	1.0
1774	1786	1.0
1774	1787	1.0
1774	1775	1.0
1774	1774	1.0
1774	1777	1.0
1774	1776	1.0
1774	1771	1.0
1774	1770	1.0
1774	1773	1.0
1774	1772	1.0
1774	1779	1.0
1774	1778	1.0
1774	1792	1.0
1774	1791	1.0
1774	1790	1.0
1774	1768	1.0
1774	1769	1.0
1774	1763	1.0
1774	1766	1.0
1774	1767	1.0
1774	1764	1.0
1774	1765	1.0
1777	1788	1.0
1777	1789	1.0
1777	1780	1.0
1777	1781	1.0
1777	1782	1.0
1777	1783	1.0
1777	1784	1.0
1777	1785	1.0
1777	1786	1.0
1777	1787	1.0
1777	1775	1.0
1777	1774	1.0
1777	1777	1.0
1777	1776	1.0
1777	1771	1.0
1777	1770	1.0
1777	1773	1.0
1777	1772	1.0
1777	1779	1.0
1777	1778	1.0
1777	1792	1.0
1777	1791	1.0
1777	1790	1.0
1777	1768	1.0
1777	1769	1.0
1777	1763	1.0
1777	1766	1.0
1777	1767	1.0
1777	1764	1.0
1777	1765	1.0
1776	1788	1.0
1776	1789	1.0
1776	1780	1.0
1776	1781	1.0
1776	1782	1.0
1776	1783	1.0
1776	1784	1.0
1776	1785	1.0
1776	1786	1.0
1776	1787	1.0
1776	1775	1.0
1776	1774	1.0
1776	1777	1.0
1776	1776	1.0
1776	1771	1.0
1776	1770	1.0
1776	1773	1.0
1776	1772	1.0
1776	1779	1.0
1776	1778	1.0
1776	1792	1.0
1776	1791	1.0
1776	1790	1.0
1776	1768	1.0
1776	1769	1.0
1776	1763	1.0
1776	1766	1.0
1776	1767	1.0
1776	1764	1.0
1776	1765	1.0
1771	1788	1.0
1771	1789	1.0
1771	1780	1.0
1771	1781	1.0
1771	1782	1.0
1771	1783	1.0
1771	1784	1.0
1771	1785	1.0
1771	1786	1.0
1771	1787	1.0
1771	1775	1.0
1771	1774	1.0
1771	1777	1.0
1771	1776	1.0
1771	1771	1.0
1771	1770	1.0
1771	1773	1.0
1771	1772	1.0
1771	1779	1.0
1771	1778	1.0
1771	1792	1.0
1771	1791	1.0
1771	1790	1.0
1771	1768	1.0
1771	1769	1.0
1771	1763	1.0
1771	1766	1.0
1771	1767	1.0
1771	1764	1.0
1771	1765	1.0
1770	1788	1.0
1770	1789	1.0
1770	1780	1.0
1770	1781	1.0
1770	1782	1.0
1770	1783	1.0
1770	1784	1.0
1770	1785	1.0
1770	1786	1.0
1770	1787	1.0
1770	1775	1.0
1770	1774	1.0
1770	1777	1.0
1770	1776	1.0
1770	1771	1.0
1770	1770	1.0
1770	1773	1.0
1770	1772	1.0
1770	1779	1.0
1770	1778	1.0
1770	1792	1.0
1770	1791	1.0
1770	1790	1.0
1770	1768	1.0
1770	1769	1.0
1770	1763	1.0
1770	1766	1.0
1770	1767	1.0
1770	1764	1.0
1770	1765	1.0
1773	1788	1.0
1773	1789	1.0
1773	1780	1.0
1773	1781	1.0
1773	1782	1.0
1773	1783	1.0
1773	1784	1.0
1773	1785	1.0
1773	1786	1.0
1773	1787	1.0
1773	1775	1.0
1773	1774	1.0
1773	1777	1.0
1773	1776	1.0
1773	1771	1.0
1773	1770	1.0
1773	1773	1.0
1773	1772	1.0
1773	1779	1.0
1773	1778	1.0
1773	1792	1.0
1773	1791	1.0
1773	1790	1.0
1773	1768	1.0
1773	1769	1.0
1773	1763	1.0
1773	1766	1.0
1773	1767	1.0
1773	1764	1.0
1773	1765	1.0
1772	1788	1.0
1772	1789	1.0
1772	1780	1.0
1772	1781	1.0
1772	1782	1.0
1772	1783	1.0
1772	1784	1.0
1772	1785	1.0
1772	1786	1.0
1772	1787	1.0
1772	1775	1.0
1772	1774	1.0
1772	1777	1.0
1772	1776	1.0
1772	1771	1.0
1772	1770	1.0
1772	1773	1.0
1772	1772	1.0
1772	1779	1.0
1772	1778	1.0
1772	1792	1.0
1772	1791	1.0
1772	1790	1.0
1772	1768	1.0
1772	1769	1.0
1772	1763	1.0
1772	1766	1.0
1772	1767	1.0
1772	1764	1.0
1772	1765	1.0
1779	1788	1.0
1779	1789	1.0
1779	1780	1.0
1779	1781	1.0
1779	1782	1.0
1779	1783	1.0
1779	1784	1.0
1779	1785	1.0
1779	1786	1.0
1779	1787	1.0
1779	1775	1.0
1779	1774	1.0
1779	1777	1.0
1779	1776	1.0
1779	1771	1.0
1779	1770	1.0
1779	1773	1.0
1779	1772	1.0
1779	1779	1.0
1779	1778	1.0
1779	1792	1.0
1779	1791	1.0
1779	1790	1.0
1779	1768	1.0
1779	1769	1.0
1779	1763	1.0
1779	1766	1.0
1779	1767	1.0
1779	1764	1.0
1779	1765	1.0
1778	1788	1.0
1778	1789	1.0
1778	1780	1.0
1778	1781	1.0
1778	1782	1.0
1778	1783	1.0
1778	1784	1.0
1778	1785	1.0
1778	1786	1.0
1778	1787	1.0
1778	1775	1.0
1778	1774	1.0
1778	1777	1.0
1778	1776	1.0
1778	1771	1.0
1778	1770	1.0
1778	1773	1.0
1778	1772	1.0
1778	1779	1.0
1778	1778	1.0
1778	1792	1.0
1778	1791	1.0
1778	1790	1.0
1778	1768	1.0
1778	1769	1.0
1778	1763	1.0
1778	1766	1.0
1778	1767	1.0
1778	1764	1.0
1778	1765	1.0
1792	1788	1.0
1792	1789	1.0
1792	1780	1.0
1792	1781	1.0
1792	1782	1.0
1792	1783	1.0
1792	1784	1.0
1792	1785	1.0
1792	1786	1.0
1792	1787	1.0
1792	1775	1.0
1792	1774	1.0
1792	1777	1.0
1792	1776	1.0
1792	1771	1.0
1792	1770	1.0
1792	1773	1.0
1792	1772	1.0
1792	1779	1.0
1792	1778	1.0
1792	1792	1.0
1792	1791	1.0
1792	1790	1.0
1792	1768	1.0
1792	1769	1.0
1792	1763	1.0
1792	1766	1.0
1792	1767	1.0
1792	1764	1.0
1792	1765	1.0
1791	1788	1.0
1791	1789	1.0
1791	1780	1.0
1791	1781	1.0
1791	1782	1.0
1791	1783	1.0
1791	1784	1.0
1791	1785	1.0
1791	1786	1.0
1791	1787	1.0
1791	1775	1.0
1791	1774	1.0
1791	1777	1.0
1791	1776	1.0
1791	1771	1.0
1791	1770	1.0
1791	1773	1.0
1791	1772	1.0
1791	1779	1.0
1791	1778	1.0
1791	1792	1.0
1791	1791	1.0
1791	1790	1.0
1791	1768	1.0
1791	1769	1.0
1791	1763	1.0
1791	1766	1.0
1791	1767	1.0
1791	1764	1.0
1791	1765	1.0
1790	1788	1.0
1790	1789	1.0
1790	1780	1.0
1790	1781	1.0
1790	1782	1.0
1790	1783	1.0
1790	1784	1.0
1790	1785	1.0
1790	1786	1.0
1790	1787	1.0
1790	1775	1.0
1790	1774	1.0
1790	1777	1.0
1790	1776	1.0
1790	1771	1.0
1790	1770	1.0
1790	1773	1.0
1790	1772	1.0
1790	1779	1.0
1790	1778	1.0
1790	1792	1.0
1790	1791	1.0
1790	1790	1.0
1790	1768	1.0
1790	1769	1.0
1790	1763	1.0
1790	1766	1.0
1790	1767	1.0
1790	1764	1.0
1790	1765	1.0
1768	1788	1.0
1768	1789	1.0
1768	1780	1.0
1768	1781	1.0
1768	1782	1.0
1768	1783	1.0
1768	1784	1.0
1768	1785	1.0
1768	1786	1.0
1768	1787	1.0
1768	1775	1.0
1768	1774	1.0
1768	1777	1.0
1768	1776	1.0
1768	1771	1.0
1768	1770	1.0
1768	1773	1.0
1768	1772	1.0
1768	1779	1.0
1768	1778	1.0
1768	1792	1.0
1768	1791	1.0
1768	1790	1.0
1768	1768	1.0
1768	1769	1.0
1768	1763	1.0
1768	1766	1.0
1768	1767	1.0
1768	1764	1.0
1768	1765	1.0
1769	1788	1.0
1769	1789	1.0
1769	1780	1.0
1769	1781	1.0
1769	1782	1.0
1769	1783	1.0
1769	1784	1.0
1769	1785	1.0
1769	1786	1.0
1769	1787	1.0
1769	1775	1.0
1769	1774	1.0
1769	1777	1.0
1769	1776	1.0
1769	1771	1.0
1769	1770	1.0
1769	1773	1.0
1769	1772	1.0
1769	1779	1.0
1769	1778	1.0
1769	1792	1.0
1769	1791	1.0
1769	1790	1.0
1769	1768	1.0
1769	1769	1.0
1769	1763	1.0
1769	1766	1.0
1769	1767	1.0
1769	1764	1.0
1769	1765	1.0
1763	1788	1.0
1763	1789	1.0
1763	1780	1.0
1763	1781	1.0
1763	1782	1.0
1763	1783	1.0
1763	1784	1.0
1763	1785	1.0
1763	1786	1.0
1763	1787	1.0
1763	1775	1.0
1763	1774	1.0
1763	1777	1.0
1763	1776	1.0
1763	1771	1.0
1763	1770	1.0
1763	1773	1.0
1763	1772	1.0
1763	1779	1.0
1763	1778	1.0
1763	1792	1.0
1763	1791	1.0
1763	1790	1.0
1763	1768	1.0
1763	1769	1.0
1763	1763	1.0
1763	1766	1.0
1763	1767	1.0
1763	1764	1.0
1763	1765	1.0
1766	1788	1.0
1766	1789	1.0
1766	1780	1.0
1766	1781	1.0
1766	1782	1.0
1766	1783	1.0
1766	1784	1.0
1766	1785	1.0
1766	1786	1.0
1766	1787	1.0
1766	1775	1.0
1766	1774	1.0
1766	1777	1.0
1766	1776	1.0
1766	1771	1.0
1766	1770	1.0
1766	1773	1.0
1766	1772	1.0
1766	1779	1.0
1766	1778	1.0
1766	1792	1.0
1766	1791	1.0
1766	1790	1.0
1766	1768	1.0
1766	1769	1.0
1766	1763	1.0
1766	1766	1.0
1766	1767	1.0
1766	1764	1.0
1766	1765	1.0
1767	1788	1.0
1767	1789	1.0
1767	1780	1.0
1767	1781	1.0
1767	1782	1.0
1767	1783	1.0
1767	1784	1.0
1767	1785	1.0
1767	1786	1.0
1767	1787	1.0
1767	1775	1.0
1767	1774	1.0
1767	1777	1.0
1767	1776	1.0
1767	1771	1.0
1767	1770	1.0
1767	1773	1.0
1767	1772	1.0
1767	1779	1.0
1767	1778	1.0
1767	1792	1.0
1767	1791	1.0
1767	1790	1.0
1767	1768	1.0
1767	1769	1.0
1767	1763	1.0
1767	1766	1.0
1767	1767	1.0
1767	1764	1.0
1767	1765	1.0
1764	1788	1.0
1764	1789	1.0
1764	1780	1.0
1764	1781	1.0
1764	1782	1.0
1764	1783	1.0
1764	1784	1.0
1764	1785	1.0
1764	1786	1.0
1764	1787	1.0
1764	1775	1.0
1764	1774	1.0
1764	1777	1.0
1764	1776	1.0
1764	1771	1.0
1764	1770	1.0
1764	1773	1.0
1764	1772	1.0
1764	1779	1.0
1764	1778	1.0
1764	1792	1.0
1764	1791	1.0
1764	1790	1.0
1764	1768	1.0
1764	1769	1.0
1764	1763	1.0
1764	1766	1.0
1764	1767	1.0
1764	1764	1.0
1764	1765	1.0
1765	1788	1.0
1765	1789	1.0
1765	1780	1.0
1765	1781	1.0
1765	1782	1.0
1765	1783	1.0
1765	1784	1.0
1765	1785	1.0
1765	1786	1.0
1765	1787	1.0
1765	1775	1.0
1765	1774	1.0
1765	1777	1.0
1765	1776	1.0
1765	1771	1.0
1765	1770	1.0
1765	1773	1.0
1765	1772	1.0
1765	1779	1.0
1765	1778	1.0
1765	1792	1.0
1765	1791	1.0
1765	1790	1.0
1765	1768	1.0
1765	1769	1.0
1765	1763	1.0
1765	1766	1.0
1765	1767	1.0
1765	1764	1.0
1765	1765	1.0
1437	1437	1.0
1437	1438	1.0
1437	1439	1.0
1438	1437	1.0
1438	1438	1.0
1438	1439	1.0
1439	1437	1.0
1439	1438	1.0
1439	1439	1.0
546	546	1.0
2537	2537	1.0
2053	2053	1.0
2845	2845	1.0
1927	1927	1.0
1296	1296	1.0
1296	1295	1.0
1295	1296	1.0
1295	1295	1.0
740	740	1.0
740	731	1.0
740	730	1.0
740	733	1.0
740	732	1.0
740	735	1.0
740	734	1.0
740	737	1.0
740	736	1.0
740	739	1.0
740	738	1.0
740	719	1.0
740	718	1.0
740	717	1.0
740	716	1.0
740	715	1.0
740	714	1.0
740	713	1.0
740	726	1.0
740	727	1.0
740	724	1.0
740	725	1.0
740	722	1.0
740	723	1.0
740	720	1.0
740	721	1.0
740	728	1.0
740	729	1.0
731	740	1.0
731	731	1.0
731	730	1.0
731	733	1.0
731	732	1.0
731	735	1.0
731	734	1.0
731	737	1.0
731	736	1.0
731	739	1.0
731	738	1.0
731	719	1.0
731	718	1.0
731	717	1.0
731	716	1.0
731	715	1.0
731	714	1.0
731	713	1.0
731	726	1.0
731	727	1.0
731	724	1.0
731	725	1.0
731	722	1.0
731	723	1.0
731	720	1.0
731	721	1.0
731	728	1.0
731	729	1.0
730	740	1.0
730	731	1.0
730	730	1.0
730	733	1.0
730	732	1.0
730	735	1.0
730	734	1.0
730	737	1.0
730	736	1.0
730	739	1.0
730	738	1.0
730	719	1.0
730	718	1.0
730	717	1.0
730	716	1.0
730	715	1.0
730	714	1.0
730	713	1.0
730	726	1.0
730	727	1.0
730	724	1.0
730	725	1.0
730	722	1.0
730	723	1.0
730	720	1.0
730	721	1.0
730	728	1.0
730	729	1.0
733	740	1.0
733	731	1.0
733	730	1.0
733	733	1.0
733	732	1.0
733	735	1.0
733	734	1.0
733	737	1.0
733	736	1.0
733	739	1.0
733	738	1.0
733	719	1.0
733	718	1.0
733	717	1.0
733	716	1.0
733	715	1.0
733	714	1.0
733	713	1.0
733	726	1.0
733	727	1.0
733	724	1.0
733	725	1.0
733	722	1.0
733	723	1.0
733	720	1.0
733	721	1.0
733	728	1.0
733	729	1.0
732	740	1.0
732	731	1.0
732	730	1.0
732	733	1.0
732	732	1.0
732	735	1.0
732	734	1.0
732	737	1.0
732	736	1.0
732	739	1.0
732	738	1.0
732	719	1.0
732	718	1.0
732	717	1.0
732	716	1.0
732	715	1.0
732	714	1.0
732	713	1.0
732	726	1.0
732	727	1.0
732	724	1.0
732	725	1.0
732	722	1.0
732	723	1.0
732	720	1.0
732	721	1.0
732	728	1.0
732	729	1.0
735	740	1.0
735	731	1.0
735	730	1.0
735	733	1.0
735	732	1.0
735	735	1.0
735	734	1.0
735	737	1.0
735	736	1.0
735	739	1.0
735	738	1.0
735	719	1.0
735	718	1.0
735	717	1.0
735	716	1.0
735	715	1.0
735	714	1.0
735	713	1.0
735	726	1.0
735	727	1.0
735	724	1.0
735	725	1.0
735	722	1.0
735	723	1.0
735	720	1.0
735	721	1.0
735	728	1.0
735	729	1.0
734	740	1.0
734	731	1.0
734	730	1.0
734	733	1.0
734	732	1.0
734	735	1.0
734	734	1.0
734	737	1.0
734	736	1.0
734	739	1.0
734	738	1.0
734	719	1.0
734	718	1.0
734	717	1.0
734	716	1.0
734	715	1.0
734	714	1.0
734	713	1.0
734	726	1.0
734	727	1.0
734	724	1.0
734	725	1.0
734	722	1.0
734	723	1.0
734	720	1.0
734	721	1.0
734	728	1.0
734	729	1.0
737	740	1.0
737	731	1.0
737	730	1.0
737	733	1.0
737	732	1.0
737	735	1.0
737	734	1.0
737	737	1.0
737	736	1.0
737	739	1.0
737	738	1.0
737	719	1.0
737	718	1.0
737	717	1.0
737	716	1.0
737	715	1.0
737	714	1.0
737	713	1.0
737	726	1.0
737	727	1.0
737	724	1.0
737	725	1.0
737	722	1.0
737	723	1.0
737	720	1.0
737	721	1.0
737	728	1.0
737	729	1.0
736	740	1.0
736	731	1.0
736	730	1.0
736	733	1.0
736	732	1.0
736	735	1.0
736	734	1.0
736	737	1.0
736	736	1.0
736	739	1.0
736	738	1.0
736	719	1.0
736	718	1.0
736	717	1.0
736	716	1.0
736	715	1.0
736	714	1.0
736	713	1.0
736	726	1.0
736	727	1.0
736	724	1.0
736	725	1.0
736	722	1.0
736	723	1.0
736	720	1.0
736	721	1.0
736	728	1.0
736	729	1.0
739	740	1.0
739	731	1.0
739	730	1.0
739	733	1.0
739	732	1.0
739	735	1.0
739	734	1.0
739	737	1.0
739	736	1.0
739	739	1.0
739	738	1.0
739	719	1.0
739	718	1.0
739	717	1.0
739	716	1.0
739	715	1.0
739	714	1.0
739	713	1.0
739	726	1.0
739	727	1.0
739	724	1.0
739	725	1.0
739	722	1.0
739	723	1.0
739	720	1.0
739	721	1.0
739	728	1.0
739	729	1.0
738	740	1.0
738	731	1.0
738	730	1.0
738	733	1.0
738	732	1.0
738	735	1.0
738	734	1.0
738	737	1.0
738	736	1.0
738	739	1.0
738	738	1.0
738	719	1.0
738	718	1.0
738	717	1.0
738	716	1.0
738	715	1.0
738	714	1.0
738	713	1.0
738	726	1.0
738	727	1.0
738	724	1.0
738	725	1.0
738	722	1.0
738	723	1.0
738	720	1.0
738	721	1.0
738	728	1.0
738	729	1.0
719	740	1.0
719	731	1.0
719	730	1.0
719	733	1.0
719	732	1.0
719	735	1.0
719	734	1.0
719	737	1.0
719	736	1.0
719	739	1.0
719	738	1.0
719	719	1.0
719	718	1.0
719	717	1.0
719	716	1.0
719	715	1.0
719	714	1.0
719	713	1.0
719	726	1.0
719	727	1.0
719	724	1.0
719	725	1.0
719	722	1.0
719	723	1.0
719	720	1.0
719	721	1.0
719	728	1.0
719	729	1.0
718	740	1.0
718	731	1.0
718	730	1.0
718	733	1.0
718	732	1.0
718	735	1.0
718	734	1.0
718	737	1.0
718	736	1.0
718	739	1.0
718	738	1.0
718	719	1.0
718	718	1.0
718	717	1.0
718	716	1.0
718	715	1.0
718	714	1.0
718	713	1.0
718	726	1.0
718	727	1.0
718	724	1.0
718	725	1.0
718	722	1.0
718	723	1.0
718	720	1.0
718	721	1.0
718	728	1.0
718	729	1.0
717	740	1.0
717	731	1.0
717	730	1.0
717	733	1.0
717	732	1.0
717	735	1.0
717	734	1.0
717	737	1.0
717	736	1.0
717	739	1.0
717	738	1.0
717	719	1.0
717	718	1.0
717	717	1.0
717	716	1.0
717	715	1.0
717	714	1.0
717	713	1.0
717	726	1.0
717	727	1.0
717	724	1.0
717	725	1.0
717	722	1.0
717	723	1.0
717	720	1.0
717	721	1.0
717	728	1.0
717	729	1.0
716	740	1.0
716	731	1.0
716	730	1.0
716	733	1.0
716	732	1.0
716	735	1.0
716	734	1.0
716	737	1.0
716	736	1.0
716	739	1.0
716	738	1.0
716	719	1.0
716	718	1.0
716	717	1.0
716	716	1.0
716	715	1.0
716	714	1.0
716	713	1.0
716	726	1.0
716	727	1.0
716	724	1.0
716	725	1.0
716	722	1.0
716	723	1.0
716	720	1.0
716	721	1.0
716	728	1.0
716	729	1.0
715	740	1.0
715	731	1.0
715	730	1.0
715	733	1.0
715	732	1.0
715	735	1.0
715	734	1.0
715	737	1.0
715	736	1.0
715	739	1.0
715	738	1.0
715	719	1.0
715	718	1.0
715	717	1.0
715	716	1.0
715	715	1.0
715	714	1.0
715	713	1.0
715	726	1.0
715	727	1.0
715	724	1.0
715	725	1.0
715	722	1.0
715	723	1.0
715	720	1.0
715	721	1.0
715	728	1.0
715	729	1.0
714	740	1.0
714	731	1.0
714	730	1.0
714	733	1.0
714	732	1.0
714	735	1.0
714	734	1.0
714	737	1.0
714	736	1.0
714	739	1.0
714	738	1.0
714	719	1.0
714	718	1.0
714	717	1.0
714	716	1.0
714	715	1.0
714	714	1.0
714	713	1.0
714	726	1.0
714	727	1.0
714	724	1.0
714	725	1.0
714	722	1.0
714	723	1.0
714	720	1.0
714	721	1.0
714	728	1.0
714	729	1.0
713	740	1.0
713	731	1.0
713	730	1.0
713	733	1.0
713	732	1.0
713	735	1.0
713	734	1.0
713	737	1.0
713	736	1.0
713	739	1.0
713	738	1.0
713	719	1.0
713	718	1.0
713	717	1.0
713	716	1.0
713	715	1.0
713	714	1.0
713	713	1.0
713	726	1.0
713	727	1.0
713	724	1.0
713	725	1.0
713	722	1.0
713	723	1.0
713	720	1.0
713	721	1.0
713	728	1.0
713	729	1.0
726	740	1.0
726	731	1.0
726	730	1.0
726	733	1.0
726	732	1.0
726	735	1.0
726	734	1.0
726	737	1.0
726	736	1.0
726	739	1.0
726	738	1.0
726	719	1.0
726	718	1.0
726	717	1.0
726	716	1.0
726	715	1.0
726	714	1.0
726	713	1.0
726	726	1.0
726	727	1.0
726	724	1.0
726	725	1.0
726	722	1.0
726	723	1.0
726	720	1.0
726	721	1.0
726	728	1.0
726	729	1.0
727	740	1.0
727	731	1.0
727	730	1.0
727	733	1.0
727	732	1.0
727	735	1.0
727	734	1.0
727	737	1.0
727	736	1.0
727	739	1.0
727	738	1.0
727	719	1.0
727	718	1.0
727	717	1.0
727	716	1.0
727	715	1.0
727	714	1.0
727	713	1.0
727	726	1.0
727	727	1.0
727	724	1.0
727	725	1.0
727	722	1.0
727	723	1.0
727	720	1.0
727	721	1.0
727	728	1.0
727	729	1.0
724	740	1.0
724	731	1.0
724	730	1.0
724	733	1.0
724	732	1.0
724	735	1.0
724	734	1.0
724	737	1.0
724	736	1.0
724	739	1.0
724	738	1.0
724	719	1.0
724	718	1.0
724	717	1.0
724	716	1.0
724	715	1.0
724	714	1.0
724	713	1.0
724	726	1.0
724	727	1.0
724	724	1.0
724	725	1.0
724	722	1.0
724	723	1.0
724	720	1.0
724	721	1.0
724	728	1.0
724	729	1.0
725	740	1.0
725	731	1.0
725	730	1.0
725	733	1.0
725	732	1.0
725	735	1.0
725	734	1.0
725	737	1.0
725	736	1.0
725	739	1.0
725	738	1.0
725	719	1.0
725	718	1.0
725	717	1.0
725	716	1.0
725	715	1.0
725	714	1.0
725	713	1.0
725	726	1.0
725	727	1.0
725	724	1.0
725	725	1.0
725	722	1.0
725	723	1.0
725	720	1.0
725	721	1.0
725	728	1.0
725	729	1.0
722	740	1.0
722	731	1.0
722	730	1.0
722	733	1.0
722	732	1.0
722	735	1.0
722	734	1.0
722	737	1.0
722	736	1.0
722	739	1.0
722	738	1.0
722	719	1.0
722	718	1.0
722	717	1.0
722	716	1.0
722	715	1.0
722	714	1.0
722	713	1.0
722	726	1.0
722	727	1.0
722	724	1.0
722	725	1.0
722	722	1.0
722	723	1.0
722	720	1.0
722	721	1.0
722	728	1.0
722	729	1.0
723	740	1.0
723	731	1.0
723	730	1.0
723	733	1.0
723	732	1.0
723	735	1.0
723	734	1.0
723	737	1.0
723	736	1.0
723	739	1.0
723	738	1.0
723	719	1.0
723	718	1.0
723	717	1.0
723	716	1.0
723	715	1.0
723	714	1.0
723	713	1.0
723	726	1.0
723	727	1.0
723	724	1.0
723	725	1.0
723	722	1.0
723	723	1.0
723	720	1.0
723	721	1.0
723	728	1.0
723	729	1.0
720	740	1.0
720	731	1.0
720	730	1.0
720	733	1.0
720	732	1.0
720	735	1.0
720	734	1.0
720	737	1.0
720	736	1.0
720	739	1.0
720	738	1.0
720	719	1.0
720	718	1.0
720	717	1.0
720	716	1.0
720	715	1.0
720	714	1.0
720	713	1.0
720	726	1.0
720	727	1.0
720	724	1.0
720	725	1.0
720	722	1.0
720	723	1.0
720	720	1.0
720	721	1.0
720	728	1.0
720	729	1.0
721	740	1.0
721	731	1.0
721	730	1.0
721	733	1.0
721	732	1.0
721	735	1.0
721	734	1.0
721	737	1.0
721	736	1.0
721	739	1.0
721	738	1.0
721	719	1.0
721	718	1.0
721	717	1.0
721	716	1.0
721	715	1.0
721	714	1.0
721	713	1.0
721	726	1.0
721	727	1.0
721	724	1.0
721	725	1.0
721	722	1.0
721	723	1.0
721	720	1.0
721	721	1.0
721	728	1.0
721	729	1.0
728	740	1.0
728	731	1.0
728	730	1.0
728	733	1.0
728	732	1.0
728	735	1.0
728	734	1.0
728	737	1.0
728	736	1.0
728	739	1.0
728	738	1.0
728	719	1.0
728	718	1.0
728	717	1.0
728	716	1.0
728	715	1.0
728	714	1.0
728	713	1.0
728	726	1.0
728	727	1.0
728	724	1.0
728	725	1.0
728	722	1.0
728	723	1.0
728	720	1.0
728	721	1.0
728	728	1.0
728	729	1.0
729	740	1.0
729	731	1.0
729	730	1.0
729	733	1.0
729	732	1.0
729	735	1.0
729	734	1.0
729	737	1.0
729	736	1.0
729	739	1.0
729	738	1.0
729	719	1.0
729	718	1.0
729	717	1.0
729	716	1.0
729	715	1.0
729	714	1.0
729	713	1.0
729	726	1.0
729	727	1.0
729	724	1.0
729	725	1.0
729	722	1.0
729	723	1.0
729	720	1.0
729	721	1.0
729	728	1.0
729	729	1.0
344	344	1.0
344	340	1.0
344	341	1.0
344	342	1.0
344	343	1.0
340	344	1.0
340	340	1.0
340	341	1.0
340	342	1.0
340	343	1.0
341	344	1.0
341	340	1.0
341	341	1.0
341	342	1.0
341	343	1.0
342	344	1.0
342	340	1.0
342	341	1.0
342	342	1.0
342	343	1.0
343	344	1.0
343	340	1.0
343	341	1.0
343	342	1.0
343	343	1.0
1547	1547	1.0
316	316	1.0
662	662	1.0
11	11	1.0
11	10	1.0
11	12	1.0
11	1	1.0
11	0	1.0
11	3	1.0
11	2	1.0
11	5	1.0
11	4	1.0
11	7	1.0
11	6	1.0
11	9	1.0
11	8	1.0
10	11	1.0
10	10	1.0
10	12	1.0
10	1	1.0
10	0	1.0
10	3	1.0
10	2	1.0
10	5	1.0
10	4	1.0
10	7	1.0
10	6	1.0
10	9	1.0
10	8	1.0
12	11	1.0
12	10	1.0
12	12	1.0
12	1	1.0
12	0	1.0
12	3	1.0
12	2	1.0
12	5	1.0
12	4	1.0
12	7	1.0
12	6	1.0
12	9	1.0
12	8	1.0
1	11	1.0
1	10	1.0
1	12	1.0
1	1	1.0
1	0	1.0
1	3	1.0
1	2	1.0
1	5	1.0
1	4	1.0
1	7	1.0
1	6	1.0
1	9	1.0
1	8	1.0
0	11	1.0
0	10	1.0
0	12	1.0
0	1	1.0
0	0	1.0
0	3	1.0
0	2	1.0
0	5	1.0
0	4	1.0
0	7	1.0
0	6	1.0
0	9	1.0
0	8	1.0
3	11	1.0
3	10	1.0
3	12	1.0
3	1	1.0
3	0	1.0
3	3	1.0
3	2	1.0
3	5	1.0
3	4	1.0
3	7	1.0
3	6	1.0
3	9	1.0
3	8	1.0
2	11	1.0
2	10	1.0
2	12	1.0
2	1	1.0
2	0	1.0
2	3	1.0
2	2	1.0
2	5	1.0
2	4	1.0
2	7	1.0
2	6	1.0
2	9	1.0
2	8	1.0
5	11	1.0
5	10	1.0
5	12	1.0
5	1	1.0
5	0	1.0
5	3	1.0
5	2	1.0
5	5	1.0
5	4	1.0
5	7	1.0
5	6	1.0
5	9	1.0
5	8	1.0
4	11	1.0
4	10	1.0
4	12	1.0
4	1	1.0
4	0	1.0
4	3	1.0
4	2	1.0
4	5	1.0
4	4	1.0
4	7	1.0
4	6	1.0
4	9	1.0
4	8	1.0
7	11	1.0
7	10	1.0
7	12	1.0
7	1	1.0
7	0	1.0
7	3	1.0
7	2	1.0
7	5	1.0
7	4	1.0
7	7	1.0
7	6	1.0
7	9	1.0
7	8	1.0
6	11	1.0
6	10	1.0
6	12	1.0
6	1	1.0
6	0	1.0
6	3	1.0
6	2	1.0
6	5	1.0
6	4	1.0
6	7	1.0
6	6	1.0
6	9	1.0
6	8	1.0
9	11	1.0
9	10	1.0
9	12	1.0
9	1	1.0
9	0	1.0
9	3	1.0
9	2	1.0
9	5	1.0
9	4	1.0
9	7	1.0
9	6	1.0
9	9	1.0
9	8	1.0
8	11	1.0
8	10	1.0
8	12	1.0
8	1	1.0
8	0	1.0
8	3	1.0
8	2	1.0
8	5	1.0
8	4	1.0
8	7	1.0
8	6	1.0
8	9	1.0
8	8	1.0
2140	2140	1.0
2436	2436	1.0
233	233	1.0
917	917	1.0
2828	2828	1.0
2828	2829	1.0
2828	2830	1.0
2829	2828	1.0
2829	2829	1.0
2829	2830	1.0
2830	2828	1.0
2830	2829	1.0
2830	2830	1.0
2543	2543	1.0
2543	2542	1.0
2543	2541	1.0
2543	2540	1.0
2543	2547	1.0
2543	2546	1.0
2543	2545	1.0
2543	2544	1.0
2543	2548	1.0
2543	2538	1.0
2543	2539	1.0
2542	2543	1.0
2542	2542	1.0
2542	2541	1.0
2542	2540	1.0
2542	2547	1.0
2542	2546	1.0
2542	2545	1.0
2542	2544	1.0
2542	2548	1.0
2542	2538	1.0
2542	2539	1.0
2541	2543	1.0
2541	2542	1.0
2541	2541	1.0
2541	2540	1.0
2541	2547	1.0
2541	2546	1.0
2541	2545	1.0
2541	2544	1.0
2541	2548	1.0
2541	2538	1.0
2541	2539	1.0
2540	2543	1.0
2540	2542	1.0
2540	2541	1.0
2540	2540	1.0
2540	2547	1.0
2540	2546	1.0
2540	2545	1.0
2540	2544	1.0
2540	2548	1.0
2540	2538	1.0
2540	2539	1.0
2547	2543	1.0
2547	2542	1.0
2547	2541	1.0
2547	2540	1.0
2547	2547	1.0
2547	2546	1.0
2547	2545	1.0
2547	2544	1.0
2547	2548	1.0
2547	2538	1.0
2547	2539	1.0
2546	2543	1.0
2546	2542	1.0
2546	2541	1.0
2546	2540	1.0
2546	2547	1.0
2546	2546	1.0
2546	2545	1.0
2546	2544	1.0
2546	2548	1.0
2546	2538	1.0
2546	2539	1.0
2545	2543	1.0
2545	2542	1.0
2545	2541	1.0
2545	2540	1.0
2545	2547	1.0
2545	2546	1.0
2545	2545	1.0
2545	2544	1.0
2545	2548	1.0
2545	2538	1.0
2545	2539	1.0
2544	2543	1.0
2544	2542	1.0
2544	2541	1.0
2544	2540	1.0
2544	2547	1.0
2544	2546	1.0
2544	2545	1.0
2544	2544	1.0
2544	2548	1.0
2544	2538	1.0
2544	2539	1.0
2548	2543	1.0
2548	2542	1.0
2548	2541	1.0
2548	2540	1.0
2548	2547	1.0
2548	2546	1.0
2548	2545	1.0
2548	2544	1.0
2548	2548	1.0
2548	2538	1.0
2548	2539	1.0
2538	2543	1.0
2538	2542	1.0
2538	2541	1.0
2538	2540	1.0
2538	2547	1.0
2538	2546	1.0
2538	2545	1.0
2538	2544	1.0
2538	2548	1.0
2538	2538	1.0
2538	2539	1.0
2539	2543	1.0
2539	2542	1.0
2539	2541	1.0
2539	2540	1.0
2539	2547	1.0
2539	2546	1.0
2539	2545	1.0
2539	2544	1.0
2539	2548	1.0
2539	2538	1.0
2539	2539	1.0
2607	2607	1.0
2558	2558	1.0
2558	2559	1.0
2559	2558	1.0
2559	2559	1.0
692	692	1.0
692	693	1.0
693	692	1.0
693	693	1.0
788	788	1.0
248	248	1.0
1259	1259	1.0
753	753	1.0
753	752	1.0
753	751	1.0
752	753	1.0
752	752	1.0
752	751	1.0
751	753	1.0
751	752	1.0
751	751	1.0
133	133	1.0
133	137	1.0
133	136	1.0
133	135	1.0
133	134	1.0
137	133	1.0
137	137	1.0
137	136	1.0
137	135	1.0
137	134	1.0
136	133	1.0
136	137	1.0
136	136	1.0
136	135	1.0
136	134	1.0
135	133	1.0
135	137	1.0
135	136	1.0
135	135	1.0
135	134	1.0
134	133	1.0
134	137	1.0
134	136	1.0
134	135	1.0
134	134	1.0
2102	2102	1.0
2102	2101	1.0
2102	2100	1.0
2102	2099	1.0
2101	2102	1.0
2101	2101	1.0
2101	2100	1.0
2101	2099	1.0
2100	2102	1.0
2100	2101	1.0
2100	2100	1.0
2100	2099	1.0
2099	2102	1.0
2099	2101	1.0
2099	2100	1.0
2099	2099	1.0
1618	1618	1.0
2311	2311	1.0
