286	286	1.0
504	504	1.0
436	436	1.0
429	429	1.0
429	428	1.0
429	427	1.0
429	431	1.0
429	425	1.0
429	430	1.0
429	426	1.0
428	429	1.0
428	428	1.0
428	427	1.0
428	431	1.0
428	425	1.0
428	430	1.0
428	426	1.0
427	429	1.0
427	428	1.0
427	427	1.0
427	431	1.0
427	425	1.0
427	430	1.0
427	426	1.0
431	429	1.0
431	428	1.0
431	427	1.0
431	431	1.0
431	425	1.0
431	430	1.0
431	426	1.0
425	429	1.0
425	428	1.0
425	427	1.0
425	431	1.0
425	425	1.0
425	430	1.0
425	426	1.0
430	429	1.0
430	428	1.0
430	427	1.0
430	431	1.0
430	425	1.0
430	430	1.0
430	426	1.0
426	429	1.0
426	428	1.0
426	427	1.0
426	431	1.0
426	425	1.0
426	430	1.0
426	426	1.0
422	422	1.0
420	420	1.0
421	421	1.0
278	278	1.0
817	817	1.0
818	818	1.0
643	643	1.0
639	639	1.0
632	632	1.0
153	153	1.0
150	150	1.0
151	151	1.0
151	152	1.0
152	151	1.0
152	152	1.0
156	156	1.0
157	157	1.0
55	55	1.0
55	54	1.0
55	53	1.0
54	55	1.0
54	54	1.0
54	53	1.0
53	55	1.0
53	54	1.0
53	53	1.0
50	50	1.0
49	49	1.0
56	56	1.0
1003	1003	1.0
626	626	1.0
497	497	1.0
494	494	1.0
1477	1477	1.0
6	6	1.0
138	138	1.0
138	137	1.0
137	138	1.0
137	137	1.0
143	143	1.0
855	855	1.0
351	351	1.0
352	352	1.0
1	1	1.0
953	953	1.0
204	204	1.0
742	742	1.0
733	733	1.0
42	42	1.0
43	43	1.0
45	45	1.0
46	46	1.0
553	553	1.0
128	128	1.0
125	125	1.0
126	126	1.0
126	127	1.0
127	126	1.0
127	127	1.0
130	130	1.0
362	362	1.0
362	363	1.0
363	362	1.0
363	363	1.0
358	358	1.0
366	366	1.0
815	815	1.0
802	802	1.0
801	801	1.0
803	803	1.0
955	955	1.0
955	957	1.0
955	956	1.0
957	955	1.0
957	957	1.0
957	956	1.0
956	955	1.0
956	957	1.0
956	956	1.0
262	262	1.0
262	261	1.0
261	262	1.0
261	261	1.0
1013	1013	1.0
263	263	1.0
263	265	1.0
263	264	1.0
265	263	1.0
265	265	1.0
265	264	1.0
264	263	1.0
264	265	1.0
264	264	1.0
273	273	1.0
275	275	1.0
276	276	1.0
878	878	1.0
11	11	1.0
10	10	1.0
1492	1492	1.0
1492	1493	1.0
1493	1492	1.0
1493	1493	1.0
1514	1514	1.0
879	879	1.0
169	169	1.0
475	475	1.0
486	486	1.0
303	303	1.0
120	120	1.0
120	119	1.0
119	120	1.0
119	119	1.0
123	123	1.0
123	124	1.0
124	123	1.0
124	124	1.0
121	121	1.0
121	122	1.0
122	121	1.0
122	122	1.0
1032	1032	1.0
1078	1078	1.0
8	8	1.0
851	851	1.0
182	182	1.0
182	183	1.0
182	180	1.0
182	181	1.0
182	179	1.0
183	182	1.0
183	183	1.0
183	180	1.0
183	181	1.0
183	179	1.0
180	182	1.0
180	183	1.0
180	180	1.0
180	181	1.0
180	179	1.0
181	182	1.0
181	183	1.0
181	180	1.0
181	181	1.0
181	179	1.0
179	182	1.0
179	183	1.0
179	180	1.0
179	181	1.0
179	179	1.0
1212	1212	1.0
1212	1211	1.0
1211	1212	1.0
1211	1211	1.0
867	867	1.0
596	596	1.0
592	592	1.0
463	463	1.0
462	462	1.0
461	461	1.0
466	466	1.0
1487	1487	1.0
1487	1486	1.0
1486	1487	1.0
1486	1486	1.0
1434	1434	1.0
1436	1436	1.0
1436	1437	1.0
1436	1435	1.0
1436	1438	1.0
1436	1439	1.0
1437	1436	1.0
1437	1437	1.0
1437	1435	1.0
1437	1438	1.0
1437	1439	1.0
1435	1436	1.0
1435	1437	1.0
1435	1435	1.0
1435	1438	1.0
1435	1439	1.0
1438	1436	1.0
1438	1437	1.0
1438	1435	1.0
1438	1438	1.0
1438	1439	1.0
1439	1436	1.0
1439	1437	1.0
1439	1435	1.0
1439	1438	1.0
1439	1439	1.0
3	3	1.0
3	4	1.0
4	3	1.0
4	4	1.0
559	559	1.0
561	561	1.0
1249	1249	1.0
1249	1250	1.0
1250	1249	1.0
1250	1250	1.0
883	883	1.0
98	98	1.0
100	100	1.0
100	101	1.0
101	100	1.0
101	101	1.0
373	373	1.0
374	374	1.0
1138	1138	1.0
984	984	1.0
984	985	1.0
985	984	1.0
985	985	1.0
986	986	1.0
986	987	1.0
987	986	1.0
987	987	1.0
995	995	1.0
660	660	1.0
247	247	1.0
247	248	1.0
248	247	1.0
248	248	1.0
246	246	1.0
238	238	1.0
9	9	1.0
515	515	1.0
513	513	1.0
511	511	1.0
325	325	1.0
326	326	1.0
1218	1218	1.0
1218	1219	1.0
1218	1216	1.0
1218	1217	1.0
1218	1220	1.0
1219	1218	1.0
1219	1219	1.0
1219	1216	1.0
1219	1217	1.0
1219	1220	1.0
1216	1218	1.0
1216	1219	1.0
1216	1216	1.0
1216	1217	1.0
1216	1220	1.0
1217	1218	1.0
1217	1219	1.0
1217	1216	1.0
1217	1217	1.0
1217	1220	1.0
1220	1218	1.0
1220	1219	1.0
1220	1216	1.0
1220	1217	1.0
1220	1220	1.0
419	419	1.0
412	412	1.0
412	413	1.0
413	412	1.0
413	413	1.0
414	414	1.0
416	416	1.0
1043	1043	1.0
1043	1042	1.0
1043	1047	1.0
1043	1046	1.0
1043	1045	1.0
1043	1044	1.0
1043	1048	1.0
1042	1043	1.0
1042	1042	1.0
1042	1047	1.0
1042	1046	1.0
1042	1045	1.0
1042	1044	1.0
1042	1048	1.0
1047	1043	1.0
1047	1042	1.0
1047	1047	1.0
1047	1046	1.0
1047	1045	1.0
1047	1044	1.0
1047	1048	1.0
1046	1043	1.0
1046	1042	1.0
1046	1047	1.0
1046	1046	1.0
1046	1045	1.0
1046	1044	1.0
1046	1048	1.0
1045	1043	1.0
1045	1042	1.0
1045	1047	1.0
1045	1046	1.0
1045	1045	1.0
1045	1044	1.0
1045	1048	1.0
1044	1043	1.0
1044	1042	1.0
1044	1047	1.0
1044	1046	1.0
1044	1045	1.0
1044	1044	1.0
1044	1048	1.0
1048	1043	1.0
1048	1042	1.0
1048	1047	1.0
1048	1046	1.0
1048	1045	1.0
1048	1044	1.0
1048	1048	1.0
382	382	1.0
386	386	1.0
386	387	1.0
387	386	1.0
387	387	1.0
93	93	1.0
93	92	1.0
92	93	1.0
92	92	1.0
84	84	1.0
80	80	1.0
80	81	1.0
81	80	1.0
81	81	1.0
835	835	1.0
834	834	1.0
294	294	1.0
294	295	1.0
295	294	1.0
295	295	1.0
609	609	1.0
458	458	1.0
458	459	1.0
458	456	1.0
458	457	1.0
459	458	1.0
459	459	1.0
459	456	1.0
459	457	1.0
456	458	1.0
456	459	1.0
456	456	1.0
456	457	1.0
457	458	1.0
457	459	1.0
457	456	1.0
457	457	1.0
447	447	1.0
447	446	1.0
446	447	1.0
446	446	1.0
449	449	1.0
449	448	1.0
448	449	1.0
448	448	1.0
451	451	1.0
451	452	1.0
451	453	1.0
451	454	1.0
451	455	1.0
452	451	1.0
452	452	1.0
452	453	1.0
452	454	1.0
452	455	1.0
453	451	1.0
453	452	1.0
453	453	1.0
453	454	1.0
453	455	1.0
454	451	1.0
454	452	1.0
454	453	1.0
454	454	1.0
454	455	1.0
455	451	1.0
455	452	1.0
455	453	1.0
455	454	1.0
455	455	1.0
1442	1442	1.0
549	549	1.0
1176	1176	1.0
1176	1175	1.0
1176	1174	1.0
1175	1176	1.0
1175	1175	1.0
1175	1174	1.0
1174	1176	1.0
1174	1175	1.0
1174	1174	1.0
1191	1191	1.0
1191	1193	1.0
1191	1192	1.0
1191	1194	1.0
1193	1191	1.0
1193	1193	1.0
1193	1192	1.0
1193	1194	1.0
1192	1191	1.0
1192	1193	1.0
1192	1192	1.0
1192	1194	1.0
1194	1191	1.0
1194	1193	1.0
1194	1192	1.0
1194	1194	1.0
1197	1197	1.0
1197	1196	1.0
1196	1197	1.0
1196	1196	1.0
1195	1195	1.0
771	771	1.0
341	341	1.0
340	340	1.0
567	567	1.0
1120	1120	1.0
546	546	1.0
1127	1127	1.0
1128	1128	1.0
229	229	1.0
129	129	1.0
578	578	1.0
578	577	1.0
577	578	1.0
577	577	1.0
76	76	1.0
5	5	1.0
728	728	1.0
728	729	1.0
729	728	1.0
729	729	1.0
679	679	1.0
683	683	1.0
683	682	1.0
682	683	1.0
682	682	1.0
688	688	1.0
