3	5
5	3
3	142
142	3
3	143
143	3
3	16
16	3
3	17
17	3
3	18
18	3
3	147
147	3
3	20
20	3
3	150
150	3
3	23
23	3
3	146
146	3
3	54
54	3
3	57
57	3
3	58
58	3
3	63
63	3
3	66
66	3
3	67
67	3
3	68
68	3
3	71
71	3
3	77
77	3
3	82
82	3
3	84
84	3
3	86
86	3
3	89
89	3
3	90
90	3
3	94
94	3
3	96
96	3
3	148
148	3
3	145
145	3
3	106
106	3
3	109
109	3
3	110
110	3
3	111
111	3
3	115
115	3
3	116
116	3
3	120
120	3
3	121
121	3
3	126
126	3
4	129
129	4
4	130
130	4
4	131
131	4
4	132
132	4
4	6
6	4
4	19
19	4
4	30
30	4
4	31
31	4
4	35
35	4
4	38
38	4
4	43
43	4
4	48
48	4
4	50
50	4
4	55
55	4
4	59
59	4
4	62
62	4
4	65
65	4
4	69
69	4
4	76
76	4
4	77
77	4
4	81
81	4
4	83
83	4
4	87
87	4
4	94
94	4
4	97
97	4
4	103
103	4
4	107
107	4
4	125
125	4
4	127
127	4
5	129
129	5
5	133
133	5
5	8
8	5
5	141
141	5
5	16
16	5
5	146
146	5
5	147
147	5
5	148
148	5
5	23
23	5
5	25
25	5
5	31
31	5
5	40
40	5
5	51
51	5
5	54
54	5
5	60
60	5
5	62
62	5
5	66
66	5
5	68
68	5
5	71
71	5
5	75
75	5
5	77
77	5
5	80
80	5
5	82
82	5
5	86
86	5
5	89
89	5
5	92
92	5
5	94
94	5
5	96
96	5
5	109
109	5
5	111
111	5
5	113
113	5
5	116
116	5
5	118
118	5
5	121
121	5
5	126
126	5
6	128
128	6
6	134
134	6
6	7
7	6
6	10
10	6
6	11
11	6
6	140
140	6
6	13
13	6
6	15
15	6
6	20
20	6
6	150
150	6
6	24
24	6
6	132
132	6
6	27
27	6
6	35
35	6
6	38
38	6
6	39
39	6
6	40
40	6
6	42
42	6
6	45
45	6
6	47
47	6
6	52
52	6
6	62
62	6
6	64
64	6
6	65
65	6
6	139
139	6
6	69
69	6
6	79
79	6
6	91
91	6
6	93
93	6
6	107
107	6
6	119
119	6
7	128
128	7
7	131
131	7
7	132
132	7
7	11
11	7
7	13
13	7
7	145
145	7
7	22
22	7
7	26
26	7
7	29
29	7
7	30
30	7
7	134
134	7
7	42
42	7
7	43
43	7
7	44
44	7
7	45
45	7
7	48
48	7
7	59
59	7
7	62
62	7
7	64
64	7
7	139
139	7
7	70
70	7
7	71
71	7
7	73
73	7
7	78
78	7
7	84
84	7
7	93
93	7
7	97
97	7
7	98
98	7
7	101
101	7
7	104
104	7
7	109
109	7
7	114
114	7
7	119
119	7
7	125
125	7
7	127
127	7
8	129
129	8
8	132
132	8
8	135
135	8
8	10
10	8
8	142
142	8
8	16
16	8
8	145
145	8
8	18
18	8
8	148
148	8
8	23
23	8
8	152
152	8
8	25
25	8
8	29
29	8
8	30
30	8
8	31
31	8
8	133
133	8
8	34
34	8
8	146
146	8
8	40
40	8
8	41
41	8
8	51
51	8
8	53
53	8
8	55
55	8
8	56
56	8
8	59
59	8
8	60
60	8
8	61
61	8
8	66
66	8
8	67
67	8
8	75
75	8
8	77
77	8
8	88
88	8
8	95
95	8
8	144
144	8
8	102
102	8
8	106
106	8
8	109
109	8
8	111
111	8
8	115
115	8
8	120
120	8
8	121
121	8
8	122
122	8
8	123
123	8
8	127
127	8
9	128
128	9
9	131
131	9
9	132
132	9
9	11
11	9
9	14
14	9
9	21
21	9
9	22
22	9
9	23
23	9
9	26
26	9
9	27
27	9
9	30
30	9
9	32
32	9
9	35
35	9
9	37
37	9
9	38
38	9
9	39
39	9
9	44
44	9
9	48
48	9
9	50
50	9
9	52
52	9
9	64
64	9
9	65
65	9
9	139
139	9
9	70
70	9
9	72
72	9
9	74
74	9
9	79
79	9
9	84
84	9
9	85
85	9
9	97
97	9
9	108
108	9
9	114
114	9
9	115
115	9
9	116
116	9
9	124
124	9
9	127
127	9
10	128
128	10
10	131
131	10
10	132
132	10
10	150
150	10
10	12
12	10
10	14
14	10
10	15
15	10
10	145
145	10
10	19
19	10
10	149
149	10
10	22
22	10
10	25
25	10
10	26
26	10
10	29
29	10
10	30
30	10
10	33
33	10
10	134
134	10
10	39
39	10
10	42
42	10
10	136
136	10
10	54
54	10
10	55
55	10
10	62
62	10
10	64
64	10
10	65
65	10
10	72
72	10
10	74
74	10
10	78
78	10
10	81
81	10
10	82
82	10
10	84
84	10
10	87
87	10
10	91
91	10
10	93
93	10
10	97
97	10
10	98
98	10
10	103
103	10
10	114
114	10
10	115
115	10
10	122
122	10
10	124
124	10
11	129
129	11
11	130
130	11
11	131
131	11
11	132
132	11
11	12
12	11
11	14
14	11
11	19
19	11
11	26
26	11
11	27
27	11
11	30
30	11
11	32
32	11
11	36
36	11
11	134
134	11
11	39
39	11
11	42
42	11
11	47
47	11
11	51
51	11
11	55
55	11
11	58
58	11
11	65
65	11
11	70
70	11
11	73
73	11
11	78
78	11
11	79
79	11
11	90
90	11
11	91
91	11
11	92
92	11
11	93
93	11
11	102
102	11
11	105
105	11
11	147
147	11
11	119
119	11
11	124
124	11
12	128
128	12
12	134
134	12
12	136
136	12
12	137
137	12
12	19
19	12
12	24
24	12
12	26
26	12
12	29
29	12
12	30
30	12
12	36
36	12
12	38
38	12
12	39
39	12
12	45
45	12
12	47
47	12
12	48
48	12
12	49
49	12
12	51
51	12
12	52
52	12
12	55
55	12
12	59
59	12
12	65
65	12
12	139
139	12
12	70
70	12
12	72
72	12
12	81
81	12
12	84
84	12
12	86
86	12
12	103
103	12
12	105
105	12
12	114
114	12
13	128
128	13
13	130
130	13
13	136
136	13
13	150
150	13
13	24
24	13
13	27
27	13
13	29
29	13
13	31
31	13
13	32
32	13
13	134
134	13
13	45
45	13
13	47
47	13
13	48
48	13
13	49
49	13
13	58
58	13
13	59
59	13
13	60
60	13
13	61
61	13
13	65
65	13
13	71
71	13
13	72
72	13
13	74
74	13
13	76
76	13
13	78
78	13
13	83
83	13
13	84
84	13
13	93
93	13
13	103
103	13
13	104
104	13
13	107
107	13
13	119
119	13
13	124
124	13
13	127
127	13
14	131
131	14
14	134
134	14
14	136
136	14
14	140
140	14
14	150
150	14
14	24
24	14
14	33
33	14
14	35
35	14
14	37
37	14
14	38
38	14
14	43
43	14
14	47
47	14
14	49
49	14
14	65
65	14
14	139
139	14
14	69
69	14
14	70
70	14
14	74
74	14
14	78
78	14
14	79
79	14
14	84
84	14
14	91
91	14
14	93
93	14
14	98
98	14
14	100
100	14
14	114
114	14
14	115
115	14
14	124
124	14
14	125
125	14
15	128
128	15
15	132
132	15
15	137
137	15
15	19
19	15
15	22
22	15
15	24
24	15
15	26
26	15
15	27
27	15
15	30
30	15
15	33
33	15
15	36
36	15
15	38
38	15
15	43
43	15
15	44
44	15
15	47
47	15
15	49
49	15
15	62
62	15
15	65
65	15
15	69
69	15
15	75
75	15
15	78
78	15
15	93
93	15
15	98
98	15
15	100
100	15
15	105
105	15
15	107
107	15
15	122
122	15
15	123
123	15
15	125
125	15
15	127
127	15
16	135
135	16
16	138
138	16
16	151
151	16
16	140
140	16
16	141
141	16
16	144
144	16
16	145
145	16
16	147
147	16
16	23
23	16
16	25
25	16
16	27
27	16
16	31
31	16
16	34
34	16
16	40
40	16
16	42
42	16
16	51
51	16
16	53
53	16
16	56
56	16
16	57
57	16
16	61
61	16
16	62
62	16
16	63
63	16
16	66
66	16
16	71
71	16
16	75
75	16
16	76
76	16
16	86
86	16
16	89
89	16
16	90
90	16
16	94
94	16
16	95
95	16
16	96
96	16
16	99
99	16
16	102
102	16
16	106
106	16
16	109
109	16
16	110
110	16
16	111
111	16
16	115
115	16
16	117
117	16
16	118
118	16
16	120
120	16
16	122
122	16
16	123
123	16
17	129
129	17
17	133
133	17
17	135
135	17
17	151
151	17
17	141
141	17
17	142
142	17
17	144
144	17
17	18
18	17
17	23
23	17
17	152
152	17
17	28
28	17
17	29
29	17
17	40
40	17
17	41
41	17
17	58
58	17
17	60
60	17
17	63
63	17
17	68
68	17
17	75
75	17
17	76
76	17
17	77
77	17
17	80
80	17
17	82
82	17
17	83
83	17
17	88
88	17
17	90
90	17
17	91
91	17
17	92
92	17
17	94
94	17
17	96
96	17
17	101
101	17
17	110
110	17
17	111
111	17
17	112
112	17
17	118
118	17
17	125
125	17
17	126
126	17
18	129
129	18
18	132
132	18
18	135
135	18
18	138
138	18
18	141
141	18
18	143
143	18
18	147
147	18
18	148
148	18
18	151
151	18
18	28
28	18
18	31
31	18
18	40
40	18
18	41
41	18
18	136
136	18
18	50
50	18
18	51
51	18
18	57
57	18
18	63
63	18
18	66
66	18
18	71
71	18
18	76
76	18
18	78
78	18
18	81
81	18
18	88
88	18
18	89
89	18
18	90
90	18
18	95
95	18
18	100
100	18
18	106
106	18
18	111
111	18
18	113
113	18
18	117
117	18
18	120
120	18
19	134
134	19
19	145
145	19
19	148
148	19
19	22
22	19
19	26
26	19
19	29
29	19
19	30
30	19
19	32
32	19
19	33
33	19
19	35
35	19
19	37
37	19
19	39
39	19
19	42
42	19
19	43
43	19
19	45
45	19
19	47
47	19
19	49
49	19
19	50
50	19
19	61
61	19
19	62
62	19
19	64
64	19
19	139
139	19
19	68
68	19
19	72
72	19
19	73
73	19
19	80
80	19
19	81
81	19
19	84
84	19
19	91
91	19
19	97
97	19
19	100
100	19
19	103
103	19
19	105
105	19
19	114
114	19
19	123
123	19
19	127
127	19
20	144
144	20
20	145
145	20
20	146
146	20
20	149
149	20
20	25
25	20
20	37
37	20
20	41
41	20
20	46
46	20
20	51
51	20
20	56
56	20
20	58
58	20
20	63
63	20
20	64
64	20
20	66
66	20
20	67
67	20
20	68
68	20
20	77
77	20
20	88
88	20
20	89
89	20
20	92
92	20
20	96
96	20
20	102
102	20
20	104
104	20
20	106
106	20
20	108
108	20
20	112
112	20
20	113
113	20
20	115
115	20
20	116
116	20
20	120
120	20
20	122
122	20
20	123
123	20
20	126
126	20
21	129
129	21
21	130
130	21
21	134
134	21
21	139
139	21
21	142
142	21
21	143
143	21
21	147
147	21
21	149
149	21
21	27
27	21
21	28
28	21
21	30
30	21
21	32
32	21
21	38
38	21
21	39
39	21
21	42
42	21
21	44
44	21
21	46
46	21
21	48
48	21
21	49
49	21
21	52
52	21
21	137
137	21
21	59
59	21
21	62
62	21
21	65
65	21
21	69
69	21
21	72
72	21
21	74
74	21
21	78
78	21
21	83
83	21
21	84
84	21
21	85
85	21
21	97
97	21
21	104
104	21
21	105
105	21
21	110
110	21
21	114
114	21
21	121
121	21
21	124
124	21
21	125
125	21
21	127
127	21
22	132
132	22
22	140
140	22
22	148
148	22
22	150
150	22
22	24
24	22
22	30
30	22
22	35
35	22
22	39
39	22
22	42
42	22
22	43
43	22
22	45
45	22
22	46
46	22
22	47
47	22
22	49
49	22
22	50
50	22
22	52
52	22
22	137
137	22
22	62
62	22
22	64
64	22
22	73
73	22
22	77
77	22
22	78
78	22
22	82
82	22
22	85
85	22
22	87
87	22
22	91
91	22
22	92
92	22
22	98
98	22
22	103
103	22
22	124
124	22
22	125
125	22
22	127
127	22
23	130
130	23
23	139
139	23
23	142
142	23
23	146
146	23
23	148
148	23
23	152
152	23
23	28
28	23
23	29
29	23
23	133
133	23
23	36
36	23
23	136
136	23
23	54
54	23
23	56
56	23
23	66
66	23
23	70
70	23
23	80
80	23
23	82
82	23
23	83
83	23
23	95
95	23
23	96
96	23
23	144
144	23
23	107
107	23
23	108
108	23
23	109
109	23
23	111
111	23
23	114
114	23
23	115
115	23
23	116
116	23
23	117
117	23
23	120
120	23
23	122
122	23
23	123
123	23
23	126
126	23
24	128
128	24
24	130
130	24
24	132
132	24
24	150
150	24
24	135
135	24
24	136
136	24
24	138
138	24
24	146
146	24
24	26
26	24
24	29
29	24
24	33
33	24
24	36
36	24
24	37
37	24
24	38
38	24
24	42
42	24
24	43
43	24
24	52
52	24
24	55
55	24
24	140
140	24
24	64
64	24
24	68
68	24
24	69
69	24
24	70
70	24
24	71
71	24
24	73
73	24
24	74
74	24
24	81
81	24
24	85
85	24
24	87
87	24
24	93
93	24
24	97
97	24
24	104
104	24
24	105
105	24
24	109
109	24
24	111
111	24
24	114
114	24
24	119
119	24
24	124
124	24
24	125
125	24
24	127
127	24
25	129
129	25
25	135
135	25
25	143
143	25
25	146
146	25
25	147
147	25
25	28
28	25
25	34
34	25
25	37
37	25
25	41
41	25
25	54
54	25
25	56
56	25
25	57
57	25
25	58
58	25
25	67
67	25
25	68
68	25
25	69
69	25
25	70
70	25
25	71
71	25
25	75
75	25
25	76
76	25
25	90
90	25
25	92
92	25
25	94
94	25
25	144
144	25
25	100
100	25
25	101
101	25
25	102
102	25
25	108
108	25
25	109
109	25
25	112
112	25
25	113
113	25
25	120
120	25
25	148
148	25
25	126
126	25
26	131
131	26
26	132
132	26
26	134
134	26
26	149
149	26
26	27
27	26
26	29
29	26
26	34
34	26
26	35
35	26
26	39
39	26
26	43
43	26
26	44
44	26
26	45
45	26
26	47
47	26
26	49
49	26
26	50
50	26
26	55
55	26
26	56
56	26
26	59
59	26
26	60
60	26
26	62
62	26
26	64
64	26
26	70
70	26
26	72
72	26
26	74
74	26
26	84
84	26
26	87
87	26
26	98
98	26
26	102
102	26
26	103
103	26
26	104
104	26
26	105
105	26
26	114
114	26
26	117
117	26
26	119
119	26
26	121
121	26
26	124
124	26
27	128
128	27
27	149
149	27
27	131
131	27
27	136
136	27
27	152
152	27
27	137
137	27
27	38
38	27
27	44
44	27
27	45
45	27
27	49
49	27
27	55
55	27
27	59
59	27
27	60
60	27
27	65
65	27
27	139
139	27
27	84
84	27
27	87
87	27
27	93
93	27
27	98
98	27
27	103
103	27
27	104
104	27
27	114
114	27
27	127
127	27
28	133
133	28
28	136
136	28
28	138
138	28
28	151
151	28
28	142
142	28
28	147
147	28
28	146
146	28
28	51
51	28
28	53
53	28
28	54
54	28
28	57
57	28
28	58
58	28
28	61
61	28
28	71
71	28
28	77
77	28
28	80
80	28
28	82
82	28
28	86
86	28
28	94
94	28
28	99
99	28
28	102
102	28
28	108
108	28
28	109
109	28
28	116
116	28
28	117
117	28
28	123
123	28
29	134
134	29
29	151
151	29
29	150
150	29
29	37
37	29
29	39
39	29
29	42
42	29
29	43
43	29
29	45
45	29
29	47
47	29
29	48
48	29
29	51
51	29
29	55
55	29
29	59
59	29
29	70
70	29
29	72
72	29
29	73
73	29
29	74
74	29
29	78
78	29
29	83
83	29
29	86
86	29
29	87
87	29
29	93
93	29
29	101
101	29
29	102
102	29
29	104
104	29
29	108
108	29
29	113
113	29
29	114
114	29
29	119
119	29
30	128
128	30
30	130
130	30
30	134
134	30
30	148
148	30
30	137
137	30
30	35
35	30
30	36
36	30
30	37
37	30
30	43
43	30
30	45
45	30
30	47
47	30
30	48
48	30
30	52
52	30
30	53
53	30
30	55
55	30
30	59
59	30
30	61
61	30
30	62
62	30
30	64
64	30
30	65
65	30
30	139
139	30
30	69
69	30
30	70
70	30
30	140
140	30
30	74
74	30
30	76
76	30
30	78
78	30
30	79
79	30
30	84
84	30
30	91
91	30
30	107
107	30
30	113
113	30
30	119
119	30
30	124
124	30
30	125
125	30
31	131
131	31
31	137
137	31
31	138
138	31
31	142
142	31
31	152
152	31
31	55
55	31
31	56
56	31
31	59
59	31
31	60
60	31
31	67
67	31
31	71
71	31
31	74
74	31
31	141
141	31
31	83
83	31
31	85
85	31
31	86
86	31
31	90
90	31
31	92
92	31
31	144
144	31
31	101
101	31
31	109
109	31
31	111
111	31
31	112
112	31
31	115
115	31
31	116
116	31
31	117
117	31
31	118
118	31
31	120
120	31
31	121
121	31
32	128
128	32
32	149
149	32
32	133
133	32
32	136
136	32
32	143
143	32
32	36
36	32
32	38
38	32
32	39
39	32
32	42
42	32
32	48
48	32
32	55
55	32
32	59
59	32
32	62
62	32
32	67
67	32
32	69
69	32
32	70
70	32
32	72
72	32
32	73
73	32
32	74
74	32
32	141
141	32
32	85
85	32
32	88
88	32
32	93
93	32
32	97
97	32
32	98
98	32
32	101
101	32
32	103
103	32
32	104
104	32
32	107
107	32
32	114
114	32
32	119
119	32
32	120
120	32
32	123
123	32
32	127
127	32
33	131
131	33
33	134
134	33
33	136
136	33
33	137
137	33
33	36
36	33
33	37
37	33
33	38
38	33
33	49
49	33
33	51
51	33
33	52
52	33
33	54
54	33
33	59
59	33
33	62
62	33
33	63
63	33
33	64
64	33
33	70
70	33
33	78
78	33
33	79
79	33
33	84
84	33
33	91
91	33
33	105
105	33
33	114
114	33
33	118
118	33
33	124
124	33
33	127
127	33
34	131
131	34
34	137
137	34
34	139
139	34
34	141
141	34
34	142
142	34
34	143
143	34
34	147
147	34
34	41
41	34
34	48
48	34
34	51
51	34
34	57
57	34
34	58
58	34
34	71
71	34
34	75
75	34
34	76
76	34
34	77
77	34
34	79
79	34
34	80
80	34
34	82
82	34
34	85
85	34
34	89
89	34
34	90
90	34
34	95
95	34
34	144
144	34
34	98
98	34
34	99
99	34
34	100
100	34
34	106
106	34
34	108
108	34
34	110
110	34
34	113
113	34
34	115
115	34
34	116
116	34
34	117
117	34
34	118
118	34
34	122
122	34
34	123
123	34
35	128
128	35
35	130
130	35
35	133
133	35
35	136
136	35
35	139
139	35
35	150
150	35
35	137
137	35
35	36
36	35
35	134
134	35
35	39
39	35
35	42
42	35
35	43
43	35
35	44
44	35
35	48
48	35
35	55
55	35
35	65
65	35
35	72
72	35
35	73
73	35
35	78
78	35
35	79
79	35
35	87
87	35
35	91
91	35
35	97
97	35
35	104
104	35
35	106
106	35
35	147
147	35
35	125
125	35
36	131
131	36
36	134
134	36
36	137
137	36
36	152
152	36
36	149
149	36
36	150
150	36
36	37
37	36
36	38
38	36
36	42
42	36
36	43
43	36
36	44
44	36
36	45
45	36
36	47
47	36
36	48
48	36
36	52
52	36
36	62
62	36
36	64
64	36
36	65
65	36
36	69
69	36
36	70
70	36
36	79
79	36
36	84
84	36
36	87
87	36
36	96
96	36
36	97
97	36
36	105
105	36
36	107
107	36
36	116
116	36
36	119
119	36
36	124
124	36
36	127
127	36
37	128
128	37
37	131
131	37
37	134
134	37
37	38
38	37
37	44
44	37
37	47
47	37
37	48
48	37
37	50
50	37
37	52
52	37
37	55
55	37
37	59
59	37
37	62
62	37
37	63
63	37
37	69
69	37
37	70
70	37
37	72
72	37
37	73
73	37
37	78
78	37
37	81
81	37
37	84
84	37
37	85
85	37
37	87
87	37
37	95
95	37
37	98
98	37
37	101
101	37
37	103
103	37
37	110
110	37
37	114
114	37
37	116
116	37
37	137
137	37
37	125
125	37
37	127
127	37
38	128
128	38
38	133
133	38
38	144
144	38
38	132
132	38
38	40
40	38
38	53
53	38
38	137
137	38
38	59
59	38
38	65
65	38
38	70
70	38
38	72
72	38
38	81
81	38
38	84
84	38
38	85
85	38
38	95
95	38
38	98
98	38
38	107
107	38
38	113
113	38
38	114
114	38
38	124
124	38
38	125
125	38
39	149
149	39
39	131
131	39
39	132
132	39
39	150
150	39
39	136
136	39
39	151
151	39
39	41
41	39
39	45
45	39
39	47
47	39
39	48
48	39
39	50
50	39
39	52
52	39
39	139
139	39
39	69
69	39
39	70
70	39
39	71
71	39
39	72
72	39
39	140
140	39
39	79
79	39
39	84
84	39
39	87
87	39
39	98
98	39
39	100
100	39
39	103
103	39
39	104
104	39
39	107
107	39
39	114
114	39
39	115
115	39
39	125
125	39
39	126
126	39
39	127
127	39
40	135
135	40
40	142
142	40
40	148
148	40
40	151
151	40
40	41
41	40
40	45
45	40
40	49
49	40
40	52
52	40
40	146
146	40
40	63
63	40
40	67
67	40
40	75
75	40
40	80
80	40
40	83
83	40
40	85
85	40
40	86
86	40
40	89
89	40
40	90
90	40
40	94
94	40
40	96
96	40
40	100
100	40
40	101
101	40
40	109
109	40
40	111
111	40
40	112
112	40
40	113
113	40
40	116
116	40
40	117
117	40
40	118
118	40
40	122
122	40
40	125
125	40
41	129
129	41
41	131
131	41
41	133
133	41
41	135
135	41
41	142
142	41
41	143
143	41
41	147
147	41
41	152
152	41
41	46
46	41
41	51
51	41
41	57
57	41
41	60
60	41
41	63
63	41
41	67
67	41
41	68
68	41
41	74
74	41
41	75
75	41
41	76
76	41
41	86
86	41
41	88
88	41
41	92
92	41
41	94
94	41
41	95
95	41
41	99
99	41
41	102
102	41
41	106
106	41
41	146
146	41
41	112
112	41
41	113
113	41
41	115
115	41
41	122
122	41
41	123
123	41
41	126
126	41
42	129
129	42
42	131
131	42
42	132
132	42
42	150
150	42
42	140
140	42
42	135
135	42
42	44
44	42
42	45
45	42
42	55
55	42
42	56
56	42
42	62
62	42
42	139
139	42
42	73
73	42
42	79
79	42
42	84
84	42
42	87
87	42
42	93
93	42
42	98
98	42
42	103
103	42
42	104
104	42
42	107
107	42
42	125
125	42
43	128
128	43
43	131
131	43
43	133
133	43
43	134
134	43
43	137
137	43
43	139
139	43
43	140
140	43
43	46
46	43
43	47
47	43
43	48
48	43
43	49
49	43
43	55
55	43
43	56
56	43
43	59
59	43
43	62
62	43
43	63
63	43
43	69
69	43
43	79
79	43
43	83
83	43
43	87
87	43
43	90
90	43
43	95
95	43
43	103
103	43
43	105
105	43
43	107
107	43
43	114
114	43
43	119
119	43
43	127
127	43
44	128
128	44
44	131
131	44
44	132
132	44
44	140
140	44
44	144
144	44
44	45
45	44
44	47
47	44
44	48
48	44
44	49
49	44
44	59
59	44
44	62
62	44
44	64
64	44
44	65
65	44
44	67
67	44
44	69
69	44
44	70
70	44
44	73
73	44
44	74
74	44
44	79
79	44
44	81
81	44
44	91
91	44
44	93
93	44
44	96
96	44
44	97
97	44
44	105
105	44
44	112
112	44
44	114
114	44
44	119
119	44
44	122
122	44
44	124
124	44
44	125
125	44
45	128
128	45
45	130
130	45
45	131
131	45
45	132
132	45
45	150
150	45
45	137
137	45
45	149
149	45
45	152
152	45
45	49
49	45
45	50
50	45
45	63
63	45
45	64
64	45
45	70
70	45
45	78
78	45
45	79
79	45
45	81
81	45
45	84
84	45
45	97
97	45
45	100
100	45
45	107
107	45
45	114
114	45
45	119
119	45
45	125
125	45
45	127
127	45
46	133
133	46
46	138
138	46
46	142
142	46
46	144
144	46
46	145
145	46
46	146
146	46
46	51
51	46
46	54
54	46
46	71
71	46
46	73
73	46
46	77
77	46
46	82
82	46
46	83
83	46
46	86
86	46
46	88
88	46
46	89
89	46
46	90
90	46
46	95
95	46
46	100
100	46
46	101
101	46
46	106
106	46
46	108
108	46
46	110
110	46
46	112
112	46
46	116
116	46
46	117
117	46
46	123
123	46
46	126
126	46
47	130
130	47
47	131
131	47
47	150
150	47
47	149
149	47
47	50
50	47
47	51
51	47
47	59
59	47
47	139
139	47
47	69
69	47
47	72
72	47
47	73
73	47
47	74
74	47
47	78
78	47
47	79
79	47
47	81
81	47
47	84
84	47
47	87
87	47
47	91
91	47
47	97
97	47
47	100
100	47
47	107
107	47
47	114
114	47
47	117
117	47
47	124
124	47
47	125
125	47
47	127
127	47
48	130
130	48
48	150
150	48
48	49
49	48
48	55
55	48
48	60
60	48
48	62
62	48
48	64
64	48
48	73
73	48
48	78
78	48
48	79
79	48
48	81
81	48
48	85
85	48
48	87
87	48
48	91
91	48
48	93
93	48
48	104
104	48
48	105
105	48
48	107
107	48
48	109
109	48
48	140
140	48
48	116
116	48
48	119
119	48
49	130
130	49
49	132
132	49
49	133
133	49
49	136
136	49
49	150
150	49
49	50
50	49
49	62
62	49
49	64
64	49
49	65
65	49
49	69
69	49
49	72
72	49
49	140
140	49
49	81
81	49
49	84
84	49
49	91
91	49
49	97
97	49
49	105
105	49
49	114
114	49
49	124
124	49
49	125
125	49
49	127
127	49
50	131
131	50
50	150
150	50
50	134
134	50
50	135
135	50
50	140
140	50
50	148
148	50
50	137
137	50
50	132
132	50
50	52
52	50
50	55
55	50
50	56
56	50
50	70
70	50
50	79
79	50
50	84
84	50
50	87
87	50
50	89
89	50
50	91
91	50
50	98
98	50
50	105
105	50
50	125
125	50
51	129
129	51
51	138
138	51
51	141
141	51
51	142
142	51
51	145
145	51
51	151
151	51
51	57
57	51
51	58
58	51
51	61
61	51
51	71
71	51
51	76
76	51
51	82
82	51
51	83
83	51
51	86
86	51
51	88
88	51
51	90
90	51
51	92
92	51
51	95
95	51
51	96
96	51
51	100
100	51
51	101
101	51
51	108
108	51
51	113
113	51
51	116
116	51
51	118
118	51
51	120
120	51
51	122
122	51
52	128
128	52
52	149
149	52
52	132
132	52
52	137
137	52
52	59
59	52
52	60
60	52
52	65
65	52
52	67
67	52
52	69
69	52
52	73
73	52
52	78
78	52
52	79
79	52
52	81
81	52
52	85
85	52
52	86
86	52
52	91
91	52
52	96
96	52
52	98
98	52
52	105
105	52
52	107
107	52
52	140
140	52
52	114
114	52
52	124
124	52
52	127
127	52
53	138
138	53
53	141
141	53
53	143
143	53
53	145
145	53
53	152
152	53
53	56
56	53
53	58
58	53
53	60
60	53
53	64
64	53
53	71
71	53
53	75
75	53
53	76
76	53
53	83
83	53
53	88
88	53
53	90
90	53
53	95
95	53
53	96
96	53
53	99
99	53
53	100
100	53
53	102
102	53
53	107
107	53
53	108
108	53
53	111
111	53
53	113
113	53
53	115
115	53
53	123
123	53
53	124
124	53
53	126
126	53
54	129
129	54
54	130
130	54
54	135
135	54
54	151
151	54
54	141
141	54
54	146
146	54
54	147
147	54
54	133
133	54
54	58
58	54
54	60
60	54
54	61
61	54
54	67
67	54
54	76
76	54
54	78
78	54
54	80
80	54
54	86
86	54
54	92
92	54
54	94
94	54
54	100
100	54
54	102
102	54
54	110
110	54
54	112
112	54
54	114
114	54
54	126
126	54
55	128
128	55
55	130
130	55
55	137
137	55
55	145
145	55
55	151
151	55
55	136
136	55
55	62
62	55
55	65
65	55
55	68
68	55
55	72
72	55
55	140
140	55
55	74
74	55
55	84
84	55
55	85
85	55
55	93
93	55
55	97
97	55
55	98
98	55
55	104
104	55
55	107
107	55
55	108
108	55
55	114
114	55
55	119
119	55
55	124
124	55
56	128
128	56
56	129
129	56
56	135
135	56
56	143
143	56
56	145
145	56
56	147
147	56
56	58
58	56
56	61
61	56
56	63
63	56
56	68
68	56
56	77
77	56
56	82
82	56
56	83
83	56
56	84
84	56
56	86
86	56
56	89
89	56
56	90
90	56
56	95
95	56
56	99
99	56
56	101
101	56
56	112
112	56
57	128
128	57
57	129
129	57
57	133
133	57
57	135
135	57
57	138
138	57
57	142
142	57
57	143
143	57
57	145
145	57
57	147
147	57
57	152
152	57
57	59
59	57
57	61
61	57
57	70
70	57
57	82
82	57
57	87
87	57
57	88
88	57
57	92
92	57
57	95
95	57
57	144
144	57
57	100
100	57
57	102
102	57
57	110
110	57
57	114
114	57
57	117
117	57
57	118
118	57
57	120
120	57
57	127
127	57
58	129
129	58
58	138
138	58
58	140
140	58
58	142
142	58
58	144
144	58
58	149
149	58
58	151
151	58
58	152
152	58
58	60
60	58
58	63
63	58
58	64
64	58
58	66
66	58
58	67
67	58
58	71
71	58
58	75
75	58
58	83
83	58
58	90
90	58
58	92
92	58
58	95
95	58
58	96
96	58
58	148
148	58
58	99
99	58
58	100
100	58
58	145
145	58
58	110
110	58
58	111
111	58
58	112
112	58
58	118
118	58
58	121
121	58
58	122
122	58
58	123
123	58
58	124
124	58
58	126
126	58
58	127
127	58
59	128
128	59
59	141
141	59
59	150
150	59
59	132
132	59
59	72
72	59
59	74
74	59
59	76
76	59
59	78
78	59
59	79
79	59
59	85
85	59
59	104
104	59
59	105
105	59
59	107
107	59
59	114
114	59
59	125
125	59
59	126
126	59
59	149
149	59
60	130
130	60
60	131
131	60
60	135
135	60
60	142
142	60
60	146
146	60
60	151
151	60
60	133
133	60
60	63
63	60
60	64
64	60
60	68
68	60
60	74
74	60
60	77
77	60
60	141
141	60
60	80
80	60
60	89
89	60
60	94
94	60
60	95
95	60
60	96
96	60
60	101
101	60
60	109
109	60
60	110
110	60
60	115
115	60
60	117
117	60
60	121
121	60
60	122
122	60
61	129
129	61
61	135
135	61
61	143
143	61
61	146
146	61
61	151
151	61
61	152
152	61
61	63
63	61
61	65
65	61
61	75
75	61
61	76
76	61
61	79
79	61
61	82
82	61
61	88
88	61
61	95
95	61
61	144
144	61
61	101
101	61
61	109
109	61
61	112
112	61
61	113
113	61
61	147
147	61
61	118
118	61
61	121
121	61
61	122
122	61
61	125
125	61
61	126
126	61
62	128
128	62
62	139
139	62
62	140
140	62
62	150
150	62
62	133
133	62
62	134
134	62
62	67
67	62
62	69
69	62
62	73
73	62
62	76
76	62
62	77
77	62
62	78
78	62
62	79
79	62
62	81
81	62
62	83
83	62
62	86
86	62
62	98
98	62
62	103
103	62
62	105
105	62
62	114
114	62
62	119
119	62
62	121
121	62
62	125
125	62
62	126
126	62
62	127
127	62
63	133
133	63
63	135
135	63
63	138
138	63
63	140
140	63
63	143
143	63
63	151
151	63
63	152
152	63
63	68
68	63
63	70
70	63
63	75
75	63
63	76
76	63
63	92
92	63
63	144
144	63
63	100
100	63
63	101
101	63
63	102
102	63
63	108
108	63
63	111
111	63
63	112
112	63
63	117
117	63
63	123
123	63
64	131
131	64
64	136
136	64
64	140
140	64
64	152
152	64
64	134
134	64
64	137
137	64
64	70
70	64
64	73
73	64
64	78
78	64
64	79
79	64
64	81
81	64
64	84
84	64
64	85
85	64
64	87
87	64
64	89
89	64
64	91
91	64
64	103
103	64
64	104
104	64
64	118
118	64
64	124
124	64
65	130
130	65
65	131
131	65
65	136
136	65
65	137
137	65
65	134
134	65
65	138
138	65
65	139
139	65
65	69
69	65
65	87
87	65
65	91
91	65
65	93
93	65
65	98
98	65
65	104
104	65
65	105
105	65
65	110
110	65
65	113
113	65
65	119
119	65
65	127
127	65
66	129
129	66
66	134
134	66
66	140
140	66
66	145
145	66
66	147
147	66
66	152
152	66
66	67
67	66
66	73
73	66
66	76
76	66
66	77
77	66
66	82
82	66
66	83
83	66
66	86
86	66
66	89
89	66
66	96
96	66
66	100
100	66
66	102
102	66
66	108
108	66
66	109
109	66
66	110
110	66
66	116
116	66
66	118
118	66
66	120
120	66
66	148
148	66
66	122
122	66
66	123
123	66
66	126
126	66
67	133
133	67
67	135
135	67
67	142
142	67
67	144
144	67
67	146
146	67
67	136
136	67
67	68
68	67
67	70
70	67
67	71
71	67
67	75
75	67
67	82
82	67
67	88
88	67
67	90
90	67
67	92
92	67
67	108
108	67
67	109
109	67
67	110
110	67
67	113
113	67
67	121
121	67
67	126
126	67
68	143
143	68
68	144
144	68
68	151
151	68
68	76
76	68
68	77
77	68
68	152
152	68
68	82
82	68
68	90
90	68
68	91
91	68
68	94
94	68
68	95
95	68
68	96
96	68
68	108
108	68
68	109
109	68
68	111
111	68
68	113
113	68
68	121
121	68
69	129
129	69
69	130
130	69
69	131
131	69
69	136
136	69
69	140
140	69
69	134
134	69
69	73
73	69
69	74
74	69
69	75
75	69
69	78
78	69
69	81
81	69
69	83
83	69
69	142
142	69
69	86
86	69
69	97
97	69
69	98
98	69
69	114
114	69
69	119
119	69
69	124
124	69
69	125
125	69
70	131
131	70
70	132
132	70
70	133
133	70
70	150
150	70
70	137
137	70
70	71
71	70
70	74
74	70
70	78
78	70
70	79
79	70
70	81
81	70
70	82
82	70
70	87
87	70
70	93
93	70
70	98
98	70
70	99
99	70
70	104
104	70
70	110
110	70
70	114
114	70
70	119
119	70
70	124
124	70
71	143
143	71
71	145
145	71
71	133
133	71
71	152
152	71
71	88
88	71
71	90
90	71
71	92
92	71
71	94
94	71
71	99
99	71
71	100
100	71
71	101
101	71
71	102
102	71
71	108
108	71
71	146
146	71
71	110
110	71
71	111
111	71
71	113
113	71
71	115
115	71
71	116
116	71
71	118
118	71
71	126
126	71
72	128
128	72
72	134
134	72
72	145
145	72
72	150
150	72
72	137
137	72
72	74
74	72
72	84
84	72
72	86
86	72
72	93
93	72
72	95
95	72
72	98
98	72
72	100
100	72
72	103
103	72
72	104
104	72
72	105
105	72
72	107
107	72
72	119
119	72
72	120
120	72
72	127
127	72
73	128
128	73
73	130
130	73
73	131
131	73
73	134
134	73
73	136
136	73
73	138
138	73
73	140
140	73
73	142
142	73
73	149
149	73
73	139
139	73
73	76
76	73
73	83
83	73
73	84
84	73
73	87
87	73
73	93
93	73
73	97
97	73
73	104
104	73
73	107
107	73
73	125
125	73
73	126
126	73
73	127
127	73
74	149
149	74
74	130
130	74
74	131
131	74
74	132
132	74
74	134
134	74
74	136
136	74
74	139
139	74
74	140
140	74
74	152
152	74
74	150
150	74
74	76
76	74
74	79
79	74
74	81
81	74
74	87
87	74
74	89
89	74
74	91
91	74
74	92
92	74
74	97
97	74
74	100
100	74
74	105
105	74
74	114
114	74
74	137
137	74
74	123
123	74
74	125
125	74
74	127
127	74
75	129
129	75
75	135
135	75
75	141
141	75
75	147
147	75
75	136
136	75
75	82
82	75
75	83
83	75
75	88
88	75
75	90
90	75
75	95
95	75
75	144
144	75
75	102
102	75
75	108
108	75
75	115
115	75
75	117
117	75
75	120
120	75
75	121
121	75
75	122
122	75
75	124
124	75
75	126
126	75
76	133
133	76
76	138
138	76
76	142
142	76
76	147
147	76
76	151
151	76
76	152
152	76
76	146
146	76
76	77
77	76
76	141
141	76
76	80
80	76
76	87
87	76
76	96
96	76
76	97
97	76
76	101
101	76
76	102
102	76
76	144
144	76
76	109
109	76
76	115
115	76
76	117
117	76
76	118
118	76
76	120
120	76
76	122
122	76
76	123
123	76
76	126
126	76
77	138
138	77
77	141
141	77
77	142
142	77
77	147
147	77
77	151
151	77
77	152
152	77
77	133
133	77
77	80
80	77
77	83
83	77
77	86
86	77
77	89
89	77
77	92
92	77
77	99
99	77
77	100
100	77
77	102
102	77
77	145
145	77
77	109
109	77
77	112
112	77
77	115
115	77
77	117
117	77
77	122
122	77
77	125
125	77
77	126
126	77
77	127
127	77
78	130
130	78
78	150
150	78
78	134
134	78
78	137
137	78
78	140
140	78
78	148
148	78
78	85
85	78
78	87
87	78
78	89
89	78
78	91
91	78
78	105
105	78
78	106
106	78
78	107
107	78
78	146
146	78
78	121
121	78
78	123
123	78
79	128
128	79
79	131
131	79
79	132
132	79
79	140
140	79
79	149
149	79
79	152
152	79
79	137
137	79
79	84
84	79
79	85
85	79
79	91
91	79
79	93
93	79
79	97
97	79
79	103
103	79
79	117
117	79
79	119
119	79
79	120
120	79
79	123
123	79
79	125
125	79
80	134
134	80
80	135
135	80
80	138
138	80
80	151
151	80
80	142
142	80
80	143
143	80
80	146
146	80
80	82
82	80
80	86
86	80
80	90
90	80
80	92
92	80
80	94
94	80
80	101
101	80
80	145
145	80
80	106
106	80
80	110
110	80
80	147
147	80
80	116
116	80
80	117
117	80
80	120
120	80
80	121
121	80
80	122
122	80
81	130
130	81
81	131
131	81
81	134
134	81
81	135
135	81
81	141
141	81
81	144
144	81
81	140
140	81
81	85
85	81
81	91
91	81
81	92
92	81
81	103
103	81
81	105
105	81
81	107
107	81
81	119
119	81
81	122
122	81
81	124
124	81
82	129
129	82
82	151
151	82
82	140
140	82
82	143
143	82
82	88
88	82
82	92
92	82
82	95
95	82
82	96
96	82
82	97
97	82
82	100
100	82
82	101
101	82
82	104
104	82
82	106
106	82
82	108
108	82
82	112
112	82
82	115
115	82
82	117
117	82
82	123
123	82
82	124
124	82
83	128
128	83
83	138
138	83
83	151
151	83
83	152
152	83
83	141
141	83
83	85
85	83
83	90
90	83
83	92
92	83
83	99
99	83
83	145
145	83
83	108
108	83
83	110
110	83
83	112
112	83
83	116
116	83
83	118
118	83
83	120
120	83
83	125
125	83
83	149
149	83
84	128
128	84
84	150
150	84
84	86
86	84
84	87
87	84
84	92
92	84
84	93
93	84
84	97
97	84
84	104
104	84
84	105
105	84
84	119
119	84
84	124
124	84
84	125
125	84
84	127
127	84
85	128
128	85
85	149
149	85
85	131
131	85
85	138
138	85
85	139
139	85
85	145
145	85
85	86
86	85
85	87
87	85
85	90
90	85
85	91
91	85
85	94
94	85
85	97
97	85
85	98
98	85
85	103
103	85
85	106
106	85
85	114
114	85
85	119
119	85
85	127
127	85
86	138
138	86
86	142
142	86
86	145
145	86
86	146
146	86
86	147
147	86
86	89
89	86
86	90
90	86
86	92
92	86
86	94
94	86
86	95
95	86
86	97
97	86
86	99
99	86
86	100
100	86
86	101
101	86
86	102
102	86
86	144
144	86
86	108
108	86
86	109
109	86
86	115
115	86
86	117
117	86
86	118
118	86
86	122
122	86
86	123
123	86
87	130
130	87
87	131
131	87
87	134
134	87
87	137
137	87
87	142
142	87
87	145
145	87
87	132
132	87
87	98
98	87
87	108
108	87
87	111
111	87
87	112
112	87
87	114
114	87
87	115
115	87
87	118
118	87
87	119
119	87
87	120
120	87
87	124
124	87
87	127
127	87
88	135
135	88
88	143
143	88
88	144
144	88
88	147
147	88
88	149
149	88
88	146
146	88
88	100
100	88
88	145
145	88
88	106
106	88
88	109
109	88
88	112
112	88
88	113
113	88
88	118
118	88
88	120
120	88
88	148
148	88
88	122
122	88
88	123
123	88
89	138
138	89
89	142
142	89
89	92
92	89
89	95
95	89
89	96
96	89
89	100
100	89
89	101
101	89
89	102
102	89
89	106
106	89
89	108
108	89
89	116
116	89
89	121
121	89
89	126
126	89
90	129
129	90
90	133
133	90
90	138
138	90
90	141
141	90
90	142
142	90
90	143
143	90
90	147
147	90
90	148
148	90
90	94
94	90
90	101
101	90
90	102
102	90
90	106
106	90
90	110
110	90
90	111
111	90
90	112
112	90
90	113
113	90
90	115
115	90
90	118
118	90
90	122
122	90
90	124
124	90
90	126
126	90
91	131
131	91
91	132
132	91
91	95
95	91
91	112
112	91
91	114
114	91
92	129
129	92
92	135
135	92
92	145
145	92
92	141
141	92
92	142
142	92
92	146
146	92
92	147
147	92
92	94
94	92
92	96
96	92
92	99
99	92
92	100
100	92
92	101
101	92
92	103
103	92
92	106
106	92
92	108
108	92
92	115
115	92
92	118
118	92
92	148
148	92
92	123
123	92
92	125
125	92
93	141
141	93
93	149
149	93
93	95
95	93
93	97
97	93
93	98
98	93
93	103
103	93
93	104
104	93
93	105
105	93
93	116
116	93
94	129
129	94
94	141
141	94
94	148
148	94
94	151
151	94
94	133
133	94
94	95
95	94
94	96
96	94
94	100
100	94
94	102
102	94
94	145
145	94
94	104
104	94
94	109
109	94
94	111
111	94
94	112
112	94
94	113
113	94
94	121
121	94
94	122
122	94
94	124
124	94
95	133
133	95
95	135
135	95
95	151
151	95
95	143
143	95
95	152
152	95
95	101
101	95
95	102
102	95
95	103
103	95
95	105
105	95
95	106
106	95
95	108
108	95
95	146
146	95
95	121
121	95
95	122
122	95
95	123
123	95
95	126
126	95
96	137
137	96
96	151
151	96
96	142
142	96
96	143
143	96
96	146
146	96
96	147
147	96
96	152
152	96
96	144
144	96
96	102
102	96
96	106
106	96
96	108
108	96
96	110
110	96
96	112
112	96
96	115
115	96
96	117
117	96
96	119
119	96
96	120
120	96
96	125
125	96
97	128
128	97
97	130
130	97
97	152
152	97
97	132
132	97
97	98
98	97
97	100
100	97
97	105
105	97
97	109
109	97
97	112
112	97
97	113
113	97
97	119
119	97
97	137
137	97
97	125
125	97
98	129
129	98
98	130
130	98
98	131
131	98
98	132
132	98
98	150
150	98
98	136
136	98
98	137
137	98
98	105
105	98
98	119
119	98
98	124
124	98
99	145
145	99
99	144
144	99
99	101
101	99
99	102
102	99
99	108
108	99
99	109
109	99
99	110
110	99
99	111
111	99
99	112
112	99
99	115
115	99
99	116
116	99
99	121
121	99
99	122
122	99
99	124
124	99
100	132
132	100
100	135
135	100
100	140
140	100
100	144
144	100
100	145
145	100
100	151
151	100
100	142
142	100
100	101
101	100
100	102
102	100
100	106
106	100
100	108
108	100
100	110
110	100
100	112
112	100
100	147
147	100
100	118
118	100
100	120
120	100
100	121
121	100
100	122
122	100
101	133
133	101
101	138
138	101
101	147
147	101
101	152
152	101
101	135
135	101
101	102
102	101
101	145
145	101
101	115
115	101
101	116
116	101
101	118
118	101
101	120
120	101
101	122
122	101
102	129
129	102
102	135
135	102
102	138
138	102
102	143
143	102
102	146
146	102
102	147
147	102
102	144
144	102
102	148
148	102
102	109
109	102
102	110
110	102
102	116
116	102
102	118
118	102
102	121
121	102
102	123
123	102
103	130
130	103
103	139
139	103
103	149
149	103
103	132
132	103
103	111
111	103
103	119
119	103
103	124
124	103
103	125
125	103
104	130
130	104
104	132
132	104
104	136
136	104
104	137
137	104
104	140
140	104
104	152
152	104
104	150
150	104
104	107
107	104
104	114
114	104
104	119
119	104
104	124
124	104
105	128
128	105
105	149
149	105
105	132
132	105
105	136
136	105
105	137
137	105
105	152
152	105
105	150
150	105
105	139
139	105
105	111
111	105
105	117
117	105
105	124
124	105
105	127
127	105
106	129
129	106
106	108
108	106
106	146
146	106
106	112
112	106
106	113
113	106
106	116
116	106
106	117
117	106
106	118
118	106
106	148
148	106
106	122
122	106
106	123
123	106
106	125
125	106
107	130
130	107
107	136
136	107
107	137
137	107
107	139
139	107
107	144
144	107
107	146
146	107
107	150
150	107
107	132
132	107
107	134
134	107
107	110
110	107
107	125
125	107
107	127
127	107
108	144
144	108
108	146
146	108
108	147
147	108
108	113
113	108
108	115
115	108
108	117
117	108
108	118
118	108
108	119
119	108
108	121
121	108
108	122
122	108
108	123
123	108
108	126
126	108
109	129
129	109
109	138
138	109
109	151
151	109
109	141
141	109
109	133
133	109
109	135
135	109
109	136
136	109
109	110
110	109
109	111
111	109
109	112
112	109
109	116
116	109
109	117
117	109
109	121
121	109
109	125
125	109
110	133
133	110
110	135
135	110
110	136
136	110
110	141
141	110
110	143
143	110
110	151
151	110
110	152
152	110
110	144
144	110
110	116
116	110
110	117
117	110
110	118
118	110
111	135
135	111
111	138
138	111
111	141
141	111
111	142
142	111
111	148
148	111
111	146
146	111
111	117
117	111
111	118
118	111
111	120
120	111
111	122
122	111
111	126
126	111
112	128
128	112
112	135
135	112
112	139
139	112
112	143
143	112
112	144
144	112
112	151
151	112
112	152
152	112
112	115
115	112
112	117
117	112
112	121
121	112
112	123
123	112
113	137
137	113
113	150
150	113
113	146
146	113
113	118
118	113
113	122
122	113
113	124
124	113
113	126
126	113
114	128
128	114
114	130
130	114
114	131
131	114
114	150
150	114
114	140
140	114
114	137
137	114
114	117
117	114
114	121
121	114
115	129
129	115
115	135
135	115
115	151
151	115
115	141
141	115
115	146
146	115
115	147
147	115
115	152
152	115
115	144
144	115
115	117
117	115
115	118
118	115
115	119
119	115
115	120
120	115
115	148
148	115
115	122
122	115
115	123
123	115
116	135
135	116
116	136
136	116
116	139
139	116
116	141
141	116
116	144
144	116
116	145
145	116
116	133
133	116
116	151
151	116
116	117
117	116
116	118
118	116
116	120
120	116
117	135
135	117
117	138
138	117
117	151
151	117
117	141
141	117
117	143
143	117
117	152
152	117
117	144
144	117
117	122
122	117
117	123
123	117
117	124
124	117
117	126
126	117
118	130
130	118
118	138
138	118
118	147
147	118
118	148
148	118
118	151
151	118
118	133
133	118
118	144
144	118
118	145
145	118
118	120
120	118
118	121
121	118
118	122
122	118
118	126
126	118
119	128
128	119
119	132
132	119
119	136
136	119
119	140
140	119
119	146
146	119
119	148
148	119
119	149
149	119
119	150
150	119
119	134
134	119
119	124
124	119
120	128
128	120
120	133
133	120
120	136
136	120
120	144
144	120
120	146
146	120
120	121
121	120
120	123
123	120
121	129
129	121
121	134
134	121
121	135
135	121
121	142
142	121
121	143
143	121
121	144
144	121
121	147
147	121
121	151
151	121
121	126
126	121
122	130
130	122
122	141
141	122
122	146
146	122
122	138
138	122
122	143
143	122
122	144
144	122
123	135
135	123
123	146
146	123
123	126
126	123
124	130
130	124
124	131
131	124
124	132
132	124
124	134
134	124
124	136
136	124
124	139
139	124
124	141
141	124
124	137
137	124
125	134
134	125
125	136
136	125
125	137
137	125
125	139
139	125
125	140
140	125
125	148
148	125
125	152
152	125
125	149
149	125
126	136
136	126
126	137
137	126
126	151
151	126
126	142
142	126
126	143
143	126
126	144
144	126
126	133
133	126
126	145
145	126
127	131
131	127
127	139
139	127
127	140
140	127
127	137
137	127
127	136
136	127
127	149
149	127
128	137
137	128
129	138
138	129
129	141
141	129
129	143
143	129
129	148
148	129
129	133
133	129
130	131
131	130
130	137
137	130
130	140
140	130
130	142
142	130
130	143
143	130
130	152
152	130
130	132
132	130
130	139
139	130
130	149
149	130
131	149
149	131
131	137
137	131
131	138
138	131
132	150
150	132
132	140
140	132
132	149
149	132
132	138
138	132
132	139
139	132
133	141
141	133
133	143
143	133
133	146
146	133
133	147
147	133
134	137
137	134
134	150
150	134
134	139
139	134
134	140
140	134
135	141
141	135
135	142
142	135
135	152
152	135
135	145
145	135
136	139
139	136
136	152
152	136
136	148
148	136
136	149
149	136
137	150
150	137
138	141
141	138
138	143
143	138
138	152
152	138
138	147
147	138
138	144
144	138
140	150
150	140
140	142
142	140
141	147
147	141
141	148
148	141
141	144
144	141
141	145
145	141
142	151
151	142
142	143
143	142
142	144
144	142
142	146
146	142
142	147
147	142
142	152
152	142
143	144
144	143
143	151
151	143
143	146
146	143
144	151
151	144
144	150
150	144
144	148
148	144
145	152
152	145
145	148
148	145
146	147
147	146
147	148
148	147
148	149
149	148
